"","sp","site","year","occ","prim","sec","cnt","n_trap","SiteName","Location","WetlandType","Inverts2015","ElevationM","Fish","YearConstructed","TotalArea","DistanceToSource.M.","NumWaterBodies2015","WettedArea2015","type","created","impacted","reference"
"1",3,1,1,1,1,1,0,12,"12CI","TOG","Impacted","Y",2419,"N",NA,5639,NA,1,5639,2,0,1,0
"2",3,1,1,2,1,2,0,12,"12CI","TOG","Impacted","Y",2419,"N",NA,5639,NA,1,5639,2,0,1,0
"3",3,1,1,3,2,1,0,12,"12CI","TOG","Impacted","Y",2419,"N",NA,5639,NA,1,5639,2,0,1,0
"4",3,1,1,4,2,2,0,12,"12CI","TOG","Impacted","Y",2419,"N",NA,5639,NA,1,5639,2,0,1,0
"5",3,1,1,5,3,1,0,12,"12CI","TOG","Impacted","Y",2419,"N",NA,5639,NA,1,5639,2,0,1,0
"6",3,1,1,6,3,2,0,12,"12CI","TOG","Impacted","Y",2419,"N",NA,5639,NA,1,5639,2,0,1,0
"7",3,1,2,1,1,1,0,14,"12CI","TOG","Impacted","Y",2419,"N",NA,5639,NA,1,5639,2,0,1,0
"8",3,1,2,2,1,2,0,14,"12CI","TOG","Impacted","Y",2419,"N",NA,5639,NA,1,5639,2,0,1,0
"9",3,1,2,3,2,1,1,14,"12CI","TOG","Impacted","Y",2419,"N",NA,5639,NA,1,5639,2,0,1,0
"10",3,1,2,4,2,2,0,14,"12CI","TOG","Impacted","Y",2419,"N",NA,5639,NA,1,5639,2,0,1,0
"11",3,2,1,1,1,1,27,4,"12DC","TOG","Created","Y",2416,"N",2012,1072,179,1,1072,1,1,0,0
"12",3,2,1,2,1,2,27,4,"12DC","TOG","Created","Y",2416,"N",2012,1072,179,1,1072,1,1,0,0
"13",3,2,2,1,1,1,11,4,"12DC","TOG","Created","Y",2416,"N",2012,1072,179,1,1072,1,1,0,0
"14",3,2,2,2,1,2,5,4,"12DC","TOG","Created","Y",2416,"N",2012,1072,179,1,1072,1,1,0,0
"15",3,2,2,3,2,1,1,2,"12DC","TOG","Created","Y",2416,"N",2012,1072,179,1,1072,1,1,0,0
"16",3,2,2,4,2,2,0,2,"12DC","TOG","Created","Y",2416,"N",2012,1072,179,1,1072,1,1,0,0
"17",3,3,1,1,1,1,14,8,"13AC","TOG","Created","Y",2407,"N",2012,1336,575,1,1336,1,1,0,0
"18",3,3,1,2,1,2,15,8,"13AC","TOG","Created","Y",2407,"N",2012,1336,575,1,1336,1,1,0,0
"19",3,3,1,3,2,1,3,8,"13AC","TOG","Created","Y",2407,"N",2012,1336,575,1,1336,1,1,0,0
"20",3,3,1,4,2,2,0,8,"13AC","TOG","Created","Y",2407,"N",2012,1336,575,1,1336,1,1,0,0
"21",3,3,2,1,1,1,5,7,"13AC","TOG","Created","Y",2407,"N",2012,1336,575,1,1336,1,1,0,0
"22",3,3,2,2,1,2,5,7,"13AC","TOG","Created","Y",2407,"N",2012,1336,575,1,1336,1,1,0,0
"23",3,3,2,3,2,1,0,4,"13AC","TOG","Created","Y",2407,"N",2012,1336,575,1,1336,1,1,0,0
"24",3,3,2,4,2,2,4,4,"13AC","TOG","Created","Y",2407,"N",2012,1336,575,1,1336,1,1,0,0
"25",3,3,2,5,3,1,3,4,"13AC","TOG","Created","Y",2407,"N",2012,1336,575,1,1336,1,1,0,0
"26",3,3,2,6,3,2,5,4,"13AC","TOG","Created","Y",2407,"N",2012,1336,575,1,1336,1,1,0,0
"27",3,4,1,1,1,1,5,19,"15AI","TOG","Impacted","Y",2570,"N",NA,12194,NA,1,12194,2,0,1,0
"28",3,4,1,2,1,2,11,19,"15AI","TOG","Impacted","Y",2570,"N",NA,12194,NA,1,12194,2,0,1,0
"29",3,4,1,3,2,1,21,19,"15AI","TOG","Impacted","Y",2570,"N",NA,12194,NA,1,12194,2,0,1,0
"30",3,4,1,4,2,2,5,19,"15AI","TOG","Impacted","Y",2570,"N",NA,12194,NA,1,12194,2,0,1,0
"31",3,4,1,5,3,1,6,19,"15AI","TOG","Impacted","Y",2570,"N",NA,12194,NA,1,12194,2,0,1,0
"32",3,4,1,6,3,2,12,19,"15AI","TOG","Impacted","Y",2570,"N",NA,12194,NA,1,12194,2,0,1,0
"33",3,4,2,1,1,1,4,19,"15AI","TOG","Impacted","Y",2570,"N",NA,12194,NA,1,12194,2,0,1,0
"34",3,4,2,2,1,2,3,19,"15AI","TOG","Impacted","Y",2570,"N",NA,12194,NA,1,12194,2,0,1,0
"35",3,4,2,3,2,1,5,19,"15AI","TOG","Impacted","Y",2570,"N",NA,12194,NA,1,12194,2,0,1,0
"36",3,4,2,4,2,2,6,19,"15AI","TOG","Impacted","Y",2570,"N",NA,12194,NA,1,12194,2,0,1,0
"37",3,4,2,5,3,1,3,19,"15AI","TOG","Impacted","Y",2570,"N",NA,12194,NA,1,12194,2,0,1,0
"38",3,4,2,6,3,2,3,19,"15AI","TOG","Impacted","Y",2570,"N",NA,12194,NA,1,12194,2,0,1,0
"39",3,5,1,1,1,1,2,4,"16BC","TOG","Created","Y",2644,"N",2010,3641,163,3,671,1,1,0,0
"40",3,5,1,2,1,2,4,4,"16BC","TOG","Created","Y",2644,"N",2010,3641,163,3,671,1,1,0,0
"41",3,5,1,3,2,1,0,3,"16BC","TOG","Created","Y",2644,"N",2010,3641,163,3,671,1,1,0,0
"42",3,5,1,4,2,2,1,3,"16BC","TOG","Created","Y",2644,"N",2010,3641,163,3,671,1,1,0,0
"43",3,5,1,5,3,1,0,3,"16BC","TOG","Created","Y",2644,"N",2010,3641,163,3,671,1,1,0,0
"44",3,5,1,6,3,2,1,3,"16BC","TOG","Created","Y",2644,"N",2010,3641,163,3,671,1,1,0,0
"45",3,5,2,1,1,1,3,3,"16BC","TOG","Created","Y",2644,"N",2010,3641,163,3,671,1,1,0,0
"46",3,5,2,2,1,2,0,3,"16BC","TOG","Created","Y",2644,"N",2010,3641,163,3,671,1,1,0,0
"47",3,5,2,3,2,1,2,2,"16BC","TOG","Created","Y",2644,"N",2010,3641,163,3,671,1,1,0,0
"48",3,5,2,4,2,2,5,2,"16BC","TOG","Created","Y",2644,"N",2010,3641,163,3,671,1,1,0,0
"49",3,5,2,5,3,1,17,2,"16BC","TOG","Created","Y",2644,"N",2010,3641,163,3,671,1,1,0,0
"50",3,5,2,6,3,2,11,2,"16BC","TOG","Created","Y",2644,"N",2010,3641,163,3,671,1,1,0,0
"51",3,6,1,1,1,1,35,7,"16CR","TOG","Reference","Y",2640,"N",NA,1875,NA,1,1875,3,0,0,1
"52",3,6,1,2,1,2,18,7,"16CR","TOG","Reference","Y",2640,"N",NA,1875,NA,1,1875,3,0,0,1
"53",3,6,1,3,2,1,9,7,"16CR","TOG","Reference","Y",2640,"N",NA,1875,NA,1,1875,3,0,0,1
"54",3,6,1,4,2,2,2,7,"16CR","TOG","Reference","Y",2640,"N",NA,1875,NA,1,1875,3,0,0,1
"55",3,6,2,1,1,1,2,7,"16CR","TOG","Reference","Y",2640,"N",NA,1875,NA,1,1875,3,0,0,1
"56",3,6,2,2,1,2,2,7,"16CR","TOG","Reference","Y",2640,"N",NA,1875,NA,1,1875,3,0,0,1
"57",3,6,2,3,2,1,4,7,"16CR","TOG","Reference","Y",2640,"N",NA,1875,NA,1,1875,3,0,0,1
"58",3,6,2,4,2,2,4,7,"16CR","TOG","Reference","Y",2640,"N",NA,1875,NA,1,1875,3,0,0,1
"59",3,6,2,5,3,1,0,7,"16CR","TOG","Reference","Y",2640,"N",NA,1875,NA,1,1875,3,0,0,1
"60",3,6,2,6,3,2,1,7,"16CR","TOG","Reference","Y",2640,"N",NA,1875,NA,1,1875,3,0,0,1
"61",3,7,1,1,1,1,0,10,"17AI","TOG","Impacted","Y",2639,"N",NA,4760,NA,1,4760,2,0,1,0
"62",3,7,1,2,1,2,2,10,"17AI","TOG","Impacted","Y",2639,"N",NA,4760,NA,1,4760,2,0,1,0
"63",3,7,1,3,2,1,0,10,"17AI","TOG","Impacted","Y",2639,"N",NA,4760,NA,1,4760,2,0,1,0
"64",3,7,1,4,2,2,1,10,"17AI","TOG","Impacted","Y",2639,"N",NA,4760,NA,1,4760,2,0,1,0
"65",3,7,1,5,3,1,0,10,"17AI","TOG","Impacted","Y",2639,"N",NA,4760,NA,1,4760,2,0,1,0
"66",3,7,1,6,3,2,0,10,"17AI","TOG","Impacted","Y",2639,"N",NA,4760,NA,1,4760,2,0,1,0
"67",3,7,2,1,1,1,2,10,"17AI","TOG","Impacted","Y",2639,"N",NA,4760,NA,1,4760,2,0,1,0
"68",3,7,2,2,1,2,4,10,"17AI","TOG","Impacted","Y",2639,"N",NA,4760,NA,1,4760,2,0,1,0
"69",3,7,2,3,2,1,0,10,"17AI","TOG","Impacted","Y",2639,"N",NA,4760,NA,1,4760,2,0,1,0
"70",3,7,2,4,2,2,1,10,"17AI","TOG","Impacted","Y",2639,"N",NA,4760,NA,1,4760,2,0,1,0
"71",3,7,2,5,3,1,0,10,"17AI","TOG","Impacted","Y",2639,"N",NA,4760,NA,1,4760,2,0,1,0
"72",3,7,2,6,3,2,0,10,"17AI","TOG","Impacted","Y",2639,"N",NA,4760,NA,1,4760,2,0,1,0
"73",3,8,1,1,1,1,10,6,"17BI","TOG","Impacted","Y",2632,"N",NA,2724,NA,1,2724,2,0,1,0
"74",3,8,1,2,1,2,27,6,"17BI","TOG","Impacted","Y",2632,"N",NA,2724,NA,1,2724,2,0,1,0
"75",3,8,1,3,2,1,4,6,"17BI","TOG","Impacted","Y",2632,"N",NA,2724,NA,1,2724,2,0,1,0
"76",3,8,1,4,2,2,4,6,"17BI","TOG","Impacted","Y",2632,"N",NA,2724,NA,1,2724,2,0,1,0
"77",3,8,1,5,3,1,0,6,"17BI","TOG","Impacted","Y",2632,"N",NA,2724,NA,1,2724,2,0,1,0
"78",3,8,1,6,3,2,1,6,"17BI","TOG","Impacted","Y",2632,"N",NA,2724,NA,1,2724,2,0,1,0
"79",3,8,2,1,1,1,0,6,"17BI","TOG","Impacted","Y",2632,"N",NA,2724,NA,1,2724,2,0,1,0
"80",3,8,2,2,1,2,1,6,"17BI","TOG","Impacted","Y",2632,"N",NA,2724,NA,1,2724,2,0,1,0
"81",3,8,2,3,2,1,0,6,"17BI","TOG","Impacted","Y",2632,"N",NA,2724,NA,1,2724,2,0,1,0
"82",3,8,2,4,2,2,1,6,"17BI","TOG","Impacted","Y",2632,"N",NA,2724,NA,1,2724,2,0,1,0
"83",3,8,2,5,3,1,0,6,"17BI","TOG","Impacted","Y",2632,"N",NA,2724,NA,1,2724,2,0,1,0
"84",3,8,2,6,3,2,0,6,"17BI","TOG","Impacted","Y",2632,"N",NA,2724,NA,1,2724,2,0,1,0
"85",3,9,1,1,1,1,1,3,"17DR","TOG","Reference","Y",2632,"N",NA,480,NA,1,480,3,0,0,1
"86",3,9,1,2,1,2,0,3,"17DR","TOG","Reference","Y",2632,"N",NA,480,NA,1,480,3,0,0,1
"87",3,9,1,3,2,1,1,3,"17DR","TOG","Reference","Y",2632,"N",NA,480,NA,1,480,3,0,0,1
"88",3,9,1,4,2,2,0,3,"17DR","TOG","Reference","Y",2632,"N",NA,480,NA,1,480,3,0,0,1
"89",3,9,1,5,3,1,0,3,"17DR","TOG","Reference","Y",2632,"N",NA,480,NA,1,480,3,0,0,1
"90",3,9,1,6,3,2,0,3,"17DR","TOG","Reference","Y",2632,"N",NA,480,NA,1,480,3,0,0,1
"91",3,9,2,1,1,1,6,3,"17DR","TOG","Reference","Y",2632,"N",NA,480,NA,1,480,3,0,0,1
"92",3,9,2,2,1,2,7,3,"17DR","TOG","Reference","Y",2632,"N",NA,480,NA,1,480,3,0,0,1
"93",3,9,2,3,2,1,9,3,"17DR","TOG","Reference","Y",2632,"N",NA,480,NA,1,480,3,0,0,1
"94",3,9,2,4,2,2,5,3,"17DR","TOG","Reference","Y",2632,"N",NA,480,NA,1,480,3,0,0,1
"95",3,9,2,5,3,1,4,3,"17DR","TOG","Reference","Y",2632,"N",NA,480,NA,1,480,3,0,0,1
"96",3,9,2,6,3,2,0,3,"17DR","TOG","Reference","Y",2632,"N",NA,480,NA,1,480,3,0,0,1
"97",3,10,1,1,1,1,5,6,"17ER","TOG","Reference","Y",2632,"N",NA,1129,NA,1,1129,3,0,0,1
"98",3,10,1,2,1,2,5,6,"17ER","TOG","Reference","Y",2632,"N",NA,1129,NA,1,1129,3,0,0,1
"99",3,10,1,3,2,1,0,6,"17ER","TOG","Reference","Y",2632,"N",NA,1129,NA,1,1129,3,0,0,1
"100",3,10,1,4,2,2,0,6,"17ER","TOG","Reference","Y",2632,"N",NA,1129,NA,1,1129,3,0,0,1
"101",3,10,1,5,3,1,0,6,"17ER","TOG","Reference","Y",2632,"N",NA,1129,NA,1,1129,3,0,0,1
"102",3,10,1,6,3,2,0,6,"17ER","TOG","Reference","Y",2632,"N",NA,1129,NA,1,1129,3,0,0,1
"103",3,10,2,1,1,1,10,6,"17ER","TOG","Reference","Y",2632,"N",NA,1129,NA,1,1129,3,0,0,1
"104",3,10,2,2,1,2,16,6,"17ER","TOG","Reference","Y",2632,"N",NA,1129,NA,1,1129,3,0,0,1
"105",3,10,2,3,2,1,13,6,"17ER","TOG","Reference","Y",2632,"N",NA,1129,NA,1,1129,3,0,0,1
"106",3,10,2,4,2,2,32,6,"17ER","TOG","Reference","Y",2632,"N",NA,1129,NA,1,1129,3,0,0,1
"107",3,10,2,5,3,1,18,6,"17ER","TOG","Reference","Y",2632,"N",NA,1129,NA,1,1129,3,0,0,1
"108",3,10,2,6,3,2,26,6,"17ER","TOG","Reference","Y",2632,"N",NA,1129,NA,1,1129,3,0,0,1
"109",3,11,1,1,1,1,0,2,"19??","TOG","Created","N",2644,"N",2013,4229,182,3,1739,1,1,0,0
"110",3,11,1,2,1,2,0,2,"19??","TOG","Created","N",2644,"N",2013,4229,182,3,1739,1,1,0,0
"111",3,11,1,3,2,1,0,2,"19??","TOG","Created","N",2644,"N",2013,4229,182,3,1739,1,1,0,0
"112",3,11,1,4,2,2,0,2,"19??","TOG","Created","N",2644,"N",2013,4229,182,3,1739,1,1,0,0
"113",3,11,1,5,3,1,0,2,"19??","TOG","Created","N",2644,"N",2013,4229,182,3,1739,1,1,0,0
"114",3,11,1,6,3,2,0,2,"19??","TOG","Created","N",2644,"N",2013,4229,182,3,1739,1,1,0,0
"115",3,11,2,1,1,1,0,2,"19??","TOG","Created","N",2644,"N",2013,4229,182,3,1739,1,1,0,0
"116",3,11,2,2,1,2,0,2,"19??","TOG","Created","N",2644,"N",2013,4229,182,3,1739,1,1,0,0
"117",3,11,2,3,2,1,0,2,"19??","TOG","Created","N",2644,"N",2013,4229,182,3,1739,1,1,0,0
"118",3,11,2,4,2,2,0,2,"19??","TOG","Created","N",2644,"N",2013,4229,182,3,1739,1,1,0,0
"119",3,12,1,1,1,1,0,2,"19AC","TOG","Created","Y",2648,"N",2012,13223,168,6,1556,1,1,0,0
"120",3,12,1,2,1,2,0,2,"19AC","TOG","Created","Y",2648,"N",2012,13223,168,6,1556,1,1,0,0
"121",3,12,2,1,1,1,0,3,"19AC","TOG","Created","Y",2648,"N",2012,13223,168,6,1556,1,1,0,0
"122",3,12,2,2,1,2,0,3,"19AC","TOG","Created","Y",2648,"N",2012,13223,168,6,1556,1,1,0,0
"123",3,12,2,3,2,1,0,2,"19AC","TOG","Created","Y",2648,"N",2012,13223,168,6,1556,1,1,0,0
"124",3,12,2,4,2,2,0,2,"19AC","TOG","Created","Y",2648,"N",2012,13223,168,6,1556,1,1,0,0
"125",3,13,1,1,1,1,5,13,"19BI","TOG","Impacted","Y",2648,"N",NA,7816,NA,1,7816,2,0,1,0
"126",3,13,1,2,1,2,0,13,"19BI","TOG","Impacted","Y",2648,"N",NA,7816,NA,1,7816,2,0,1,0
"127",3,13,1,3,2,1,11,13,"19BI","TOG","Impacted","Y",2648,"N",NA,7816,NA,1,7816,2,0,1,0
"128",3,13,1,4,2,2,2,13,"19BI","TOG","Impacted","Y",2648,"N",NA,7816,NA,1,7816,2,0,1,0
"129",3,13,1,5,3,1,0,13,"19BI","TOG","Impacted","Y",2648,"N",NA,7816,NA,1,7816,2,0,1,0
"130",3,13,1,6,3,2,0,13,"19BI","TOG","Impacted","Y",2648,"N",NA,7816,NA,1,7816,2,0,1,0
"131",3,13,2,1,1,1,0,13,"19BI","TOG","Impacted","Y",2648,"N",NA,7816,NA,1,7816,2,0,1,0
"132",3,13,2,2,1,2,0,13,"19BI","TOG","Impacted","Y",2648,"N",NA,7816,NA,1,7816,2,0,1,0
"133",3,13,2,3,2,1,0,13,"19BI","TOG","Impacted","Y",2648,"N",NA,7816,NA,1,7816,2,0,1,0
"134",3,13,2,4,2,2,0,13,"19BI","TOG","Impacted","Y",2648,"N",NA,7816,NA,1,7816,2,0,1,0
"135",3,14,1,1,1,1,0,7,"21AR","TOG","Reference","Y",2832,"N",NA,1353,NA,1,1353,3,0,0,1
"136",3,14,1,2,1,2,0,7,"21AR","TOG","Reference","Y",2832,"N",NA,1353,NA,1,1353,3,0,0,1
"137",3,14,2,1,1,1,0,7,"21AR","TOG","Reference","Y",2832,"N",NA,1353,NA,1,1353,3,0,0,1
"138",3,14,2,2,1,2,0,7,"21AR","TOG","Reference","Y",2832,"N",NA,1353,NA,1,1353,3,0,0,1
"139",3,14,2,3,2,1,0,7,"21AR","TOG","Reference","Y",2832,"N",NA,1353,NA,1,1353,3,0,0,1
"140",3,14,2,4,2,2,0,7,"21AR","TOG","Reference","Y",2832,"N",NA,1353,NA,1,1353,3,0,0,1
"141",3,15,1,1,1,1,0,4,"21BR","TOG","Reference","Y",2819,"N",NA,521,NA,1,521,3,0,0,1
"142",3,15,1,2,1,2,0,4,"21BR","TOG","Reference","Y",2819,"N",NA,521,NA,1,521,3,0,0,1
"143",3,15,2,1,1,1,1,4,"21BR","TOG","Reference","Y",2819,"N",NA,521,NA,1,521,3,0,0,1
"144",3,15,2,2,1,2,0,4,"21BR","TOG","Reference","Y",2819,"N",NA,521,NA,1,521,3,0,0,1
"145",3,15,2,3,2,1,2,4,"21BR","TOG","Reference","Y",2819,"N",NA,521,NA,1,521,3,0,0,1
"146",3,15,2,4,2,2,0,4,"21BR","TOG","Reference","Y",2819,"N",NA,521,NA,1,521,3,0,0,1
"147",3,16,1,1,1,1,0,12,"21CR","TOG","Reference","Y",2808,"N",NA,4121,NA,1,4121,3,0,0,1
"148",3,16,1,2,1,2,0,12,"21CR","TOG","Reference","Y",2808,"N",NA,4121,NA,1,4121,3,0,0,1
"149",3,16,2,1,1,1,0,12,"21CR","TOG","Reference","Y",2808,"N",NA,4121,NA,1,4121,3,0,0,1
"150",3,16,2,2,1,2,0,12,"21CR","TOG","Reference","Y",2808,"N",NA,4121,NA,1,4121,3,0,0,1
"151",3,16,2,3,2,1,0,12,"21CR","TOG","Reference","Y",2808,"N",NA,4121,NA,1,4121,3,0,0,1
"152",3,16,2,4,2,2,0,12,"21CR","TOG","Reference","Y",2808,"N",NA,4121,NA,1,4121,3,0,0,1
"153",3,17,1,1,1,1,0,5,"24CC","TOG","Created","Y",2907,"N",2012,2022,280,16,55,1,1,0,0
"154",3,17,1,2,1,2,0,5,"24CC","TOG","Created","Y",2907,"N",2012,2022,280,16,55,1,1,0,0
"155",3,17,2,1,1,1,0,3,"24CC","TOG","Created","Y",2907,"N",2012,2022,280,16,55,1,1,0,0
"156",3,17,2,2,1,2,0,3,"24CC","TOG","Created","Y",2907,"N",2012,2022,280,16,55,1,1,0,0
"157",3,17,2,3,2,1,0,3,"24CC","TOG","Created","Y",2907,"N",2012,2022,280,16,55,1,1,0,0
"158",3,17,2,4,2,2,0,3,"24CC","TOG","Created","Y",2907,"N",2012,2022,280,16,55,1,1,0,0
"159",3,18,1,1,1,1,0,1,"25AC","TOG","Created","Y",2934,"N",2012,2152,387,1,63,1,1,0,0
"160",3,18,1,2,1,2,0,1,"25AC","TOG","Created","Y",2934,"N",2012,2152,387,1,63,1,1,0,0
"161",3,18,2,1,1,1,0,1,"25AC","TOG","Created","Y",2934,"N",2012,2152,387,1,63,1,1,0,0
"162",3,18,2,2,1,2,0,1,"25AC","TOG","Created","Y",2934,"N",2012,2152,387,1,63,1,1,0,0
"163",3,18,2,3,2,1,0,1,"25AC","TOG","Created","Y",2934,"N",2012,2152,387,1,63,1,1,0,0
"164",3,18,2,4,2,2,0,1,"25AC","TOG","Created","Y",2934,"N",2012,2152,387,1,63,1,1,0,0
"165",3,19,1,1,1,1,0,10,"25BI","TOG","Impacted","Y",2918,"Y",NA,2258,NA,1,2258,2,0,1,0
"166",3,19,1,2,1,2,0,10,"25BI","TOG","Impacted","Y",2918,"Y",NA,2258,NA,1,2258,2,0,1,0
"167",3,19,2,1,1,1,0,10,"25BI","TOG","Impacted","Y",2918,"Y",NA,2258,NA,1,2258,2,0,1,0
"168",3,19,2,2,1,2,0,10,"25BI","TOG","Impacted","Y",2918,"Y",NA,2258,NA,1,2258,2,0,1,0
"169",3,19,2,3,2,1,0,10,"25BI","TOG","Impacted","Y",2918,"Y",NA,2258,NA,1,2258,2,0,1,0
"170",3,19,2,4,2,2,0,10,"25BI","TOG","Impacted","Y",2918,"Y",NA,2258,NA,1,2258,2,0,1,0
"171",3,20,1,1,1,1,0,8,"25CR","TOG","Reference","Y",2908,"N",NA,1903,NA,1,1903,3,0,0,1
"172",3,20,1,2,1,2,0,8,"25CR","TOG","Reference","Y",2908,"N",NA,1903,NA,1,1903,3,0,0,1
"173",3,20,2,1,1,1,0,8,"25CR","TOG","Reference","Y",2908,"N",NA,1903,NA,1,1903,3,0,0,1
"174",3,20,2,2,1,2,0,8,"25CR","TOG","Reference","Y",2908,"N",NA,1903,NA,1,1903,3,0,0,1
"175",3,20,2,3,2,1,0,8,"25CR","TOG","Reference","Y",2908,"N",NA,1903,NA,1,1903,3,0,0,1
"176",3,20,2,4,2,2,0,8,"25CR","TOG","Reference","Y",2908,"N",NA,1903,NA,1,1903,3,0,0,1
"177",3,21,1,1,1,1,0,3,"26AI","TOG","Impacted","Y",2921,"Y",NA,2253,NA,1,2253,2,0,1,0
"178",3,21,1,2,1,2,0,3,"26AI","TOG","Impacted","Y",2921,"Y",NA,2253,NA,1,2253,2,0,1,0
"179",3,21,2,1,1,1,0,3,"26AI","TOG","Impacted","Y",2921,"Y",NA,2253,NA,1,2253,2,0,1,0
"180",3,21,2,2,1,2,0,3,"26AI","TOG","Impacted","Y",2921,"Y",NA,2253,NA,1,2253,2,0,1,0
"181",3,21,2,3,2,1,0,3,"26AI","TOG","Impacted","Y",2921,"Y",NA,2253,NA,1,2253,2,0,1,0
"182",3,21,2,4,2,2,0,3,"26AI","TOG","Impacted","Y",2921,"Y",NA,2253,NA,1,2253,2,0,1,0
"183",3,22,1,1,1,1,0,4,"26BC","TOG","Created","Y",2902,"N",2012,3801,265,7,360,1,1,0,0
"184",3,22,1,2,1,2,0,4,"26BC","TOG","Created","Y",2902,"N",2012,3801,265,7,360,1,1,0,0
"185",3,22,2,1,1,1,0,3,"26BC","TOG","Created","Y",2902,"N",2012,3801,265,7,360,1,1,0,0
"186",3,22,2,2,1,2,0,3,"26BC","TOG","Created","Y",2902,"N",2012,3801,265,7,360,1,1,0,0
"187",3,22,2,3,2,1,0,3,"26BC","TOG","Created","Y",2902,"N",2012,3801,265,7,360,1,1,0,0
"188",3,22,2,4,2,2,0,3,"26BC","TOG","Created","Y",2902,"N",2012,3801,265,7,360,1,1,0,0
"189",3,23,1,1,1,1,0,25,"HE","BR","Reference","Y",2099,"Y",NA,8606,NA,1,8606,3,0,0,1
"190",3,23,1,2,1,2,0,25,"HE","BR","Reference","Y",2099,"Y",NA,8606,NA,1,8606,3,0,0,1
"191",3,23,1,3,2,1,0,25,"HE","BR","Reference","Y",2099,"Y",NA,8606,NA,1,8606,3,0,0,1
"192",3,23,1,4,2,2,0,25,"HE","BR","Reference","Y",2099,"Y",NA,8606,NA,1,8606,3,0,0,1
"193",3,23,1,5,3,1,0,25,"HE","BR","Reference","Y",2099,"Y",NA,8606,NA,1,8606,3,0,0,1
"194",3,23,1,6,3,2,0,25,"HE","BR","Reference","Y",2099,"Y",NA,8606,NA,1,8606,3,0,0,1
"195",3,23,2,1,1,1,0,25,"HE","BR","Reference","Y",2099,"Y",NA,8606,NA,1,8606,3,0,0,1
"196",3,23,2,2,1,2,0,25,"HE","BR","Reference","Y",2099,"Y",NA,8606,NA,1,8606,3,0,0,1
"197",3,23,2,3,2,1,0,25,"HE","BR","Reference","Y",2099,"Y",NA,8606,NA,1,8606,3,0,0,1
"198",3,23,2,4,2,2,0,25,"HE","BR","Reference","Y",2099,"Y",NA,8606,NA,1,8606,3,0,0,1
"199",3,23,2,5,3,1,0,25,"HE","BR","Reference","Y",2099,"Y",NA,8606,NA,1,8606,3,0,0,1
"200",3,23,2,6,3,2,0,25,"HE","BR","Reference","Y",2099,"Y",NA,8606,NA,1,8606,3,0,0,1
"201",3,24,2,1,1,1,10,46,"ML","BR","Created","Y",2099,"N",2014,67999,96,11,8505,1,1,0,0
"202",3,24,2,2,1,2,16,46,"ML","BR","Created","Y",2099,"N",2014,67999,96,11,8505,1,1,0,0
"203",3,24,2,3,2,1,14,46,"ML","BR","Created","Y",2099,"N",2014,67999,96,11,8505,1,1,0,0
"204",3,24,2,4,2,2,25,46,"ML","BR","Created","Y",2099,"N",2014,67999,96,11,8505,1,1,0,0
"205",3,25,1,1,1,1,30,18,"QU","BR","Created","Y",2099,"N",2008,10728,127,1,10728,1,1,0,0
"206",3,25,1,2,1,2,27,18,"QU","BR","Created","Y",2099,"N",2008,10728,127,1,10728,1,1,0,0
"207",3,25,1,3,2,1,3,18,"QU","BR","Created","Y",2099,"N",2008,10728,127,1,10728,1,1,0,0
"208",3,25,1,4,2,2,0,18,"QU","BR","Created","Y",2099,"N",2008,10728,127,1,10728,1,1,0,0
"209",3,25,2,1,1,1,2,7,"QU","BR","Created","Y",2099,"N",2008,10728,127,1,10728,1,1,0,0
"210",3,25,2,2,1,2,2,7,"QU","BR","Created","Y",2099,"N",2008,10728,127,1,10728,1,1,0,0
"211",3,26,1,1,1,1,3,30,"RW","BR","Reference","Y",2099,"N",NA,5184,NA,1,5184,3,0,0,1
"212",3,26,1,2,1,2,0,30,"RW","BR","Reference","Y",2099,"N",NA,5184,NA,1,5184,3,0,0,1
"213",3,26,1,3,2,1,0,30,"RW","BR","Reference","Y",2099,"N",NA,5184,NA,1,5184,3,0,0,1
"214",3,26,1,4,2,2,0,30,"RW","BR","Reference","Y",2099,"N",NA,5184,NA,1,5184,3,0,0,1
"215",3,26,1,5,3,1,0,30,"RW","BR","Reference","Y",2099,"N",NA,5184,NA,1,5184,3,0,0,1
"216",3,26,1,6,3,2,0,30,"RW","BR","Reference","Y",2099,"N",NA,5184,NA,1,5184,3,0,0,1
"217",3,26,2,1,1,1,1,30,"RW","BR","Reference","Y",2099,"N",NA,5184,NA,1,5184,3,0,0,1
"218",3,26,2,2,1,2,0,30,"RW","BR","Reference","Y",2099,"N",NA,5184,NA,1,5184,3,0,0,1
"219",3,26,2,3,2,1,0,30,"RW","BR","Reference","Y",2099,"N",NA,5184,NA,1,5184,3,0,0,1
"220",3,26,2,4,2,2,3,20,"RW","BR","Reference","Y",2099,"N",NA,5184,NA,1,5184,3,0,0,1
"221",3,26,2,5,3,1,0,30,"RW","BR","Reference","Y",2099,"N",NA,5184,NA,1,5184,3,0,0,1
"222",3,26,2,6,3,2,0,30,"RW","BR","Reference","Y",2099,"N",NA,5184,NA,1,5184,3,0,0,1
"223",3,27,1,1,1,1,0,29,"SD","BR","Reference","Y",2099,"N",NA,11608,NA,1,11608,3,0,0,1
"224",3,27,1,2,1,2,3,29,"SD","BR","Reference","Y",2099,"N",NA,11608,NA,1,11608,3,0,0,1
"225",3,27,1,3,2,1,6,29,"SD","BR","Reference","Y",2099,"N",NA,11608,NA,1,11608,3,0,0,1
"226",3,27,1,4,2,2,3,29,"SD","BR","Reference","Y",2099,"N",NA,11608,NA,1,11608,3,0,0,1
"227",3,27,1,5,3,1,0,29,"SD","BR","Reference","Y",2099,"N",NA,11608,NA,1,11608,3,0,0,1
"228",3,27,1,6,3,2,0,29,"SD","BR","Reference","Y",2099,"N",NA,11608,NA,1,11608,3,0,0,1
"229",3,27,1,7,4,1,0,29,"SD","BR","Reference","Y",2099,"N",NA,11608,NA,1,11608,3,0,0,1
"230",3,27,1,8,4,2,0,29,"SD","BR","Reference","Y",2099,"N",NA,11608,NA,1,11608,3,0,0,1
"231",3,27,2,1,1,1,4,29,"SD","BR","Reference","Y",2099,"N",NA,11608,NA,1,11608,3,0,0,1
"232",3,27,2,2,1,2,1,29,"SD","BR","Reference","Y",2099,"N",NA,11608,NA,1,11608,3,0,0,1
"233",3,27,2,3,2,1,9,29,"SD","BR","Reference","Y",2099,"N",NA,11608,NA,1,11608,3,0,0,1
"234",3,27,2,4,2,2,7,29,"SD","BR","Reference","Y",2099,"N",NA,11608,NA,1,11608,3,0,0,1
"235",3,27,2,5,3,1,0,29,"SD","BR","Reference","Y",2099,"N",NA,11608,NA,1,11608,3,0,0,1
"236",3,27,2,6,3,2,2,29,"SD","BR","Reference","Y",2099,"N",NA,11608,NA,1,11608,3,0,0,1
"237",3,28,2,1,1,1,1,28,"SP","BR","Created","Y",2099,"N",2005,16618,504,1,2101,1,1,0,0
"238",3,28,2,2,1,2,1,28,"SP","BR","Created","Y",2099,"N",2005,16618,504,1,2101,1,1,0,0
"239",3,28,2,3,2,1,16,28,"SP","BR","Created","Y",2099,"N",2005,16618,504,1,2101,1,1,0,0
"240",3,28,2,4,2,2,24,28,"SP","BR","Created","Y",2099,"N",2005,16618,504,1,2101,1,1,0,0
"241",3,28,2,5,3,1,5,28,"SP","BR","Created","Y",2099,"N",2005,16618,504,1,2101,1,1,0,0
"242",3,28,2,6,3,2,9,28,"SP","BR","Created","Y",2099,"N",2005,16618,504,1,2101,1,1,0,0
"243",4,1,1,1,1,1,0,12,"12CI","TOG","Impacted","Y",2419,"N",NA,5639,NA,1,5639,2,0,1,0
"244",4,1,1,2,1,2,0,12,"12CI","TOG","Impacted","Y",2419,"N",NA,5639,NA,1,5639,2,0,1,0
"245",4,1,1,3,2,1,0,12,"12CI","TOG","Impacted","Y",2419,"N",NA,5639,NA,1,5639,2,0,1,0
"246",4,1,1,4,2,2,0,12,"12CI","TOG","Impacted","Y",2419,"N",NA,5639,NA,1,5639,2,0,1,0
"247",4,1,1,5,3,1,0,12,"12CI","TOG","Impacted","Y",2419,"N",NA,5639,NA,1,5639,2,0,1,0
"248",4,1,1,6,3,2,0,12,"12CI","TOG","Impacted","Y",2419,"N",NA,5639,NA,1,5639,2,0,1,0
"249",4,1,2,1,1,1,0,14,"12CI","TOG","Impacted","Y",2419,"N",NA,5639,NA,1,5639,2,0,1,0
"250",4,1,2,2,1,2,0,14,"12CI","TOG","Impacted","Y",2419,"N",NA,5639,NA,1,5639,2,0,1,0
"251",4,1,2,3,2,1,0,14,"12CI","TOG","Impacted","Y",2419,"N",NA,5639,NA,1,5639,2,0,1,0
"252",4,1,2,4,2,2,0,14,"12CI","TOG","Impacted","Y",2419,"N",NA,5639,NA,1,5639,2,0,1,0
"253",4,2,1,1,1,1,0,4,"12DC","TOG","Created","Y",2416,"N",2012,1072,179,1,1072,1,1,0,0
"254",4,2,1,2,1,2,0,4,"12DC","TOG","Created","Y",2416,"N",2012,1072,179,1,1072,1,1,0,0
"255",4,2,2,1,1,1,0,4,"12DC","TOG","Created","Y",2416,"N",2012,1072,179,1,1072,1,1,0,0
"256",4,2,2,2,1,2,0,4,"12DC","TOG","Created","Y",2416,"N",2012,1072,179,1,1072,1,1,0,0
"257",4,2,2,3,2,1,0,2,"12DC","TOG","Created","Y",2416,"N",2012,1072,179,1,1072,1,1,0,0
"258",4,2,2,4,2,2,0,2,"12DC","TOG","Created","Y",2416,"N",2012,1072,179,1,1072,1,1,0,0
"259",4,3,1,1,1,1,0,8,"13AC","TOG","Created","Y",2407,"N",2012,1336,575,1,1336,1,1,0,0
"260",4,3,1,2,1,2,0,8,"13AC","TOG","Created","Y",2407,"N",2012,1336,575,1,1336,1,1,0,0
"261",4,3,1,3,2,1,0,8,"13AC","TOG","Created","Y",2407,"N",2012,1336,575,1,1336,1,1,0,0
"262",4,3,1,4,2,2,0,8,"13AC","TOG","Created","Y",2407,"N",2012,1336,575,1,1336,1,1,0,0
"263",4,3,2,1,1,1,0,7,"13AC","TOG","Created","Y",2407,"N",2012,1336,575,1,1336,1,1,0,0
"264",4,3,2,2,1,2,0,7,"13AC","TOG","Created","Y",2407,"N",2012,1336,575,1,1336,1,1,0,0
"265",4,3,2,3,2,1,0,4,"13AC","TOG","Created","Y",2407,"N",2012,1336,575,1,1336,1,1,0,0
"266",4,3,2,4,2,2,0,4,"13AC","TOG","Created","Y",2407,"N",2012,1336,575,1,1336,1,1,0,0
"267",4,3,2,5,3,1,0,4,"13AC","TOG","Created","Y",2407,"N",2012,1336,575,1,1336,1,1,0,0
"268",4,3,2,6,3,2,0,4,"13AC","TOG","Created","Y",2407,"N",2012,1336,575,1,1336,1,1,0,0
"269",4,4,1,1,1,1,3,19,"15AI","TOG","Impacted","Y",2570,"N",NA,12194,NA,1,12194,2,0,1,0
"270",4,4,1,2,1,2,1,19,"15AI","TOG","Impacted","Y",2570,"N",NA,12194,NA,1,12194,2,0,1,0
"271",4,4,1,3,2,1,2,19,"15AI","TOG","Impacted","Y",2570,"N",NA,12194,NA,1,12194,2,0,1,0
"272",4,4,1,4,2,2,1,19,"15AI","TOG","Impacted","Y",2570,"N",NA,12194,NA,1,12194,2,0,1,0
"273",4,4,1,5,3,1,1,19,"15AI","TOG","Impacted","Y",2570,"N",NA,12194,NA,1,12194,2,0,1,0
"274",4,4,1,6,3,2,1,19,"15AI","TOG","Impacted","Y",2570,"N",NA,12194,NA,1,12194,2,0,1,0
"275",4,4,2,1,1,1,5,19,"15AI","TOG","Impacted","Y",2570,"N",NA,12194,NA,1,12194,2,0,1,0
"276",4,4,2,2,1,2,4,19,"15AI","TOG","Impacted","Y",2570,"N",NA,12194,NA,1,12194,2,0,1,0
"277",4,4,2,3,2,1,2,19,"15AI","TOG","Impacted","Y",2570,"N",NA,12194,NA,1,12194,2,0,1,0
"278",4,4,2,4,2,2,13,19,"15AI","TOG","Impacted","Y",2570,"N",NA,12194,NA,1,12194,2,0,1,0
"279",4,4,2,5,3,1,3,19,"15AI","TOG","Impacted","Y",2570,"N",NA,12194,NA,1,12194,2,0,1,0
"280",4,4,2,6,3,2,1,19,"15AI","TOG","Impacted","Y",2570,"N",NA,12194,NA,1,12194,2,0,1,0
"281",4,5,1,1,1,1,0,4,"16BC","TOG","Created","Y",2644,"N",2010,3641,163,3,671,1,1,0,0
"282",4,5,1,2,1,2,0,4,"16BC","TOG","Created","Y",2644,"N",2010,3641,163,3,671,1,1,0,0
"283",4,5,1,3,2,1,0,3,"16BC","TOG","Created","Y",2644,"N",2010,3641,163,3,671,1,1,0,0
"284",4,5,1,4,2,2,0,3,"16BC","TOG","Created","Y",2644,"N",2010,3641,163,3,671,1,1,0,0
"285",4,5,1,5,3,1,0,3,"16BC","TOG","Created","Y",2644,"N",2010,3641,163,3,671,1,1,0,0
"286",4,5,1,6,3,2,0,3,"16BC","TOG","Created","Y",2644,"N",2010,3641,163,3,671,1,1,0,0
"287",4,5,2,1,1,1,0,3,"16BC","TOG","Created","Y",2644,"N",2010,3641,163,3,671,1,1,0,0
"288",4,5,2,2,1,2,0,3,"16BC","TOG","Created","Y",2644,"N",2010,3641,163,3,671,1,1,0,0
"289",4,5,2,3,2,1,0,2,"16BC","TOG","Created","Y",2644,"N",2010,3641,163,3,671,1,1,0,0
"290",4,5,2,4,2,2,0,2,"16BC","TOG","Created","Y",2644,"N",2010,3641,163,3,671,1,1,0,0
"291",4,5,2,5,3,1,0,2,"16BC","TOG","Created","Y",2644,"N",2010,3641,163,3,671,1,1,0,0
"292",4,5,2,6,3,2,0,2,"16BC","TOG","Created","Y",2644,"N",2010,3641,163,3,671,1,1,0,0
"293",4,6,1,1,1,1,0,7,"16CR","TOG","Reference","Y",2640,"N",NA,1875,NA,1,1875,3,0,0,1
"294",4,6,1,2,1,2,0,7,"16CR","TOG","Reference","Y",2640,"N",NA,1875,NA,1,1875,3,0,0,1
"295",4,6,1,3,2,1,0,7,"16CR","TOG","Reference","Y",2640,"N",NA,1875,NA,1,1875,3,0,0,1
"296",4,6,1,4,2,2,0,7,"16CR","TOG","Reference","Y",2640,"N",NA,1875,NA,1,1875,3,0,0,1
"297",4,6,2,1,1,1,0,7,"16CR","TOG","Reference","Y",2640,"N",NA,1875,NA,1,1875,3,0,0,1
"298",4,6,2,2,1,2,0,7,"16CR","TOG","Reference","Y",2640,"N",NA,1875,NA,1,1875,3,0,0,1
"299",4,6,2,3,2,1,0,7,"16CR","TOG","Reference","Y",2640,"N",NA,1875,NA,1,1875,3,0,0,1
"300",4,6,2,4,2,2,0,7,"16CR","TOG","Reference","Y",2640,"N",NA,1875,NA,1,1875,3,0,0,1
"301",4,6,2,5,3,1,0,7,"16CR","TOG","Reference","Y",2640,"N",NA,1875,NA,1,1875,3,0,0,1
"302",4,6,2,6,3,2,0,7,"16CR","TOG","Reference","Y",2640,"N",NA,1875,NA,1,1875,3,0,0,1
"303",4,7,1,1,1,1,4,10,"17AI","TOG","Impacted","Y",2639,"N",NA,4760,NA,1,4760,2,0,1,0
"304",4,7,1,2,1,2,3,10,"17AI","TOG","Impacted","Y",2639,"N",NA,4760,NA,1,4760,2,0,1,0
"305",4,7,1,3,2,1,2,10,"17AI","TOG","Impacted","Y",2639,"N",NA,4760,NA,1,4760,2,0,1,0
"306",4,7,1,4,2,2,2,10,"17AI","TOG","Impacted","Y",2639,"N",NA,4760,NA,1,4760,2,0,1,0
"307",4,7,1,5,3,1,11,10,"17AI","TOG","Impacted","Y",2639,"N",NA,4760,NA,1,4760,2,0,1,0
"308",4,7,1,6,3,2,8,10,"17AI","TOG","Impacted","Y",2639,"N",NA,4760,NA,1,4760,2,0,1,0
"309",4,7,2,1,1,1,4,10,"17AI","TOG","Impacted","Y",2639,"N",NA,4760,NA,1,4760,2,0,1,0
"310",4,7,2,2,1,2,15,10,"17AI","TOG","Impacted","Y",2639,"N",NA,4760,NA,1,4760,2,0,1,0
"311",4,7,2,3,2,1,12,10,"17AI","TOG","Impacted","Y",2639,"N",NA,4760,NA,1,4760,2,0,1,0
"312",4,7,2,4,2,2,14,10,"17AI","TOG","Impacted","Y",2639,"N",NA,4760,NA,1,4760,2,0,1,0
"313",4,7,2,5,3,1,16,10,"17AI","TOG","Impacted","Y",2639,"N",NA,4760,NA,1,4760,2,0,1,0
"314",4,7,2,6,3,2,18,10,"17AI","TOG","Impacted","Y",2639,"N",NA,4760,NA,1,4760,2,0,1,0
"315",4,8,1,1,1,1,0,6,"17BI","TOG","Impacted","Y",2632,"N",NA,2724,NA,1,2724,2,0,1,0
"316",4,8,1,2,1,2,0,6,"17BI","TOG","Impacted","Y",2632,"N",NA,2724,NA,1,2724,2,0,1,0
"317",4,8,1,3,2,1,0,6,"17BI","TOG","Impacted","Y",2632,"N",NA,2724,NA,1,2724,2,0,1,0
"318",4,8,1,4,2,2,0,6,"17BI","TOG","Impacted","Y",2632,"N",NA,2724,NA,1,2724,2,0,1,0
"319",4,8,1,5,3,1,0,6,"17BI","TOG","Impacted","Y",2632,"N",NA,2724,NA,1,2724,2,0,1,0
"320",4,8,1,6,3,2,0,6,"17BI","TOG","Impacted","Y",2632,"N",NA,2724,NA,1,2724,2,0,1,0
"321",4,8,2,1,1,1,0,6,"17BI","TOG","Impacted","Y",2632,"N",NA,2724,NA,1,2724,2,0,1,0
"322",4,8,2,2,1,2,0,6,"17BI","TOG","Impacted","Y",2632,"N",NA,2724,NA,1,2724,2,0,1,0
"323",4,8,2,3,2,1,0,6,"17BI","TOG","Impacted","Y",2632,"N",NA,2724,NA,1,2724,2,0,1,0
"324",4,8,2,4,2,2,0,6,"17BI","TOG","Impacted","Y",2632,"N",NA,2724,NA,1,2724,2,0,1,0
"325",4,8,2,5,3,1,0,6,"17BI","TOG","Impacted","Y",2632,"N",NA,2724,NA,1,2724,2,0,1,0
"326",4,8,2,6,3,2,0,6,"17BI","TOG","Impacted","Y",2632,"N",NA,2724,NA,1,2724,2,0,1,0
"327",4,9,1,1,1,1,0,3,"17DR","TOG","Reference","Y",2632,"N",NA,480,NA,1,480,3,0,0,1
"328",4,9,1,2,1,2,0,3,"17DR","TOG","Reference","Y",2632,"N",NA,480,NA,1,480,3,0,0,1
"329",4,9,1,3,2,1,0,3,"17DR","TOG","Reference","Y",2632,"N",NA,480,NA,1,480,3,0,0,1
"330",4,9,1,4,2,2,0,3,"17DR","TOG","Reference","Y",2632,"N",NA,480,NA,1,480,3,0,0,1
"331",4,9,1,5,3,1,0,3,"17DR","TOG","Reference","Y",2632,"N",NA,480,NA,1,480,3,0,0,1
"332",4,9,1,6,3,2,0,3,"17DR","TOG","Reference","Y",2632,"N",NA,480,NA,1,480,3,0,0,1
"333",4,9,2,1,1,1,0,3,"17DR","TOG","Reference","Y",2632,"N",NA,480,NA,1,480,3,0,0,1
"334",4,9,2,2,1,2,1,3,"17DR","TOG","Reference","Y",2632,"N",NA,480,NA,1,480,3,0,0,1
"335",4,9,2,3,2,1,1,3,"17DR","TOG","Reference","Y",2632,"N",NA,480,NA,1,480,3,0,0,1
"336",4,9,2,4,2,2,1,3,"17DR","TOG","Reference","Y",2632,"N",NA,480,NA,1,480,3,0,0,1
"337",4,9,2,5,3,1,0,3,"17DR","TOG","Reference","Y",2632,"N",NA,480,NA,1,480,3,0,0,1
"338",4,9,2,6,3,2,0,3,"17DR","TOG","Reference","Y",2632,"N",NA,480,NA,1,480,3,0,0,1
"339",4,10,1,1,1,1,25,6,"17ER","TOG","Reference","Y",2632,"N",NA,1129,NA,1,1129,3,0,0,1
"340",4,10,1,2,1,2,15,6,"17ER","TOG","Reference","Y",2632,"N",NA,1129,NA,1,1129,3,0,0,1
"341",4,10,1,3,2,1,0,6,"17ER","TOG","Reference","Y",2632,"N",NA,1129,NA,1,1129,3,0,0,1
"342",4,10,1,4,2,2,0,6,"17ER","TOG","Reference","Y",2632,"N",NA,1129,NA,1,1129,3,0,0,1
"343",4,10,1,5,3,1,1,6,"17ER","TOG","Reference","Y",2632,"N",NA,1129,NA,1,1129,3,0,0,1
"344",4,10,1,6,3,2,0,6,"17ER","TOG","Reference","Y",2632,"N",NA,1129,NA,1,1129,3,0,0,1
"345",4,10,2,1,1,1,1,6,"17ER","TOG","Reference","Y",2632,"N",NA,1129,NA,1,1129,3,0,0,1
"346",4,10,2,2,1,2,4,6,"17ER","TOG","Reference","Y",2632,"N",NA,1129,NA,1,1129,3,0,0,1
"347",4,10,2,3,2,1,6,6,"17ER","TOG","Reference","Y",2632,"N",NA,1129,NA,1,1129,3,0,0,1
"348",4,10,2,4,2,2,16,6,"17ER","TOG","Reference","Y",2632,"N",NA,1129,NA,1,1129,3,0,0,1
"349",4,10,2,5,3,1,17,6,"17ER","TOG","Reference","Y",2632,"N",NA,1129,NA,1,1129,3,0,0,1
"350",4,10,2,6,3,2,14,6,"17ER","TOG","Reference","Y",2632,"N",NA,1129,NA,1,1129,3,0,0,1
"351",4,11,1,1,1,1,0,2,"19??","TOG","Created","N",2644,"N",2013,4229,182,3,1739,1,1,0,0
"352",4,11,1,2,1,2,0,2,"19??","TOG","Created","N",2644,"N",2013,4229,182,3,1739,1,1,0,0
"353",4,11,1,3,2,1,0,2,"19??","TOG","Created","N",2644,"N",2013,4229,182,3,1739,1,1,0,0
"354",4,11,1,4,2,2,0,2,"19??","TOG","Created","N",2644,"N",2013,4229,182,3,1739,1,1,0,0
"355",4,11,1,5,3,1,0,2,"19??","TOG","Created","N",2644,"N",2013,4229,182,3,1739,1,1,0,0
"356",4,11,1,6,3,2,0,2,"19??","TOG","Created","N",2644,"N",2013,4229,182,3,1739,1,1,0,0
"357",4,11,2,1,1,1,0,2,"19??","TOG","Created","N",2644,"N",2013,4229,182,3,1739,1,1,0,0
"358",4,11,2,2,1,2,0,2,"19??","TOG","Created","N",2644,"N",2013,4229,182,3,1739,1,1,0,0
"359",4,11,2,3,2,1,0,2,"19??","TOG","Created","N",2644,"N",2013,4229,182,3,1739,1,1,0,0
"360",4,11,2,4,2,2,0,2,"19??","TOG","Created","N",2644,"N",2013,4229,182,3,1739,1,1,0,0
"361",4,12,1,1,1,1,0,2,"19AC","TOG","Created","Y",2648,"N",2012,13223,168,6,1556,1,1,0,0
"362",4,12,1,2,1,2,0,2,"19AC","TOG","Created","Y",2648,"N",2012,13223,168,6,1556,1,1,0,0
"363",4,12,2,1,1,1,0,3,"19AC","TOG","Created","Y",2648,"N",2012,13223,168,6,1556,1,1,0,0
"364",4,12,2,2,1,2,0,3,"19AC","TOG","Created","Y",2648,"N",2012,13223,168,6,1556,1,1,0,0
"365",4,12,2,3,2,1,0,2,"19AC","TOG","Created","Y",2648,"N",2012,13223,168,6,1556,1,1,0,0
"366",4,12,2,4,2,2,0,2,"19AC","TOG","Created","Y",2648,"N",2012,13223,168,6,1556,1,1,0,0
"367",4,13,1,1,1,1,5,13,"19BI","TOG","Impacted","Y",2648,"N",NA,7816,NA,1,7816,2,0,1,0
"368",4,13,1,2,1,2,7,13,"19BI","TOG","Impacted","Y",2648,"N",NA,7816,NA,1,7816,2,0,1,0
"369",4,13,1,3,2,1,20,13,"19BI","TOG","Impacted","Y",2648,"N",NA,7816,NA,1,7816,2,0,1,0
"370",4,13,1,4,2,2,10,13,"19BI","TOG","Impacted","Y",2648,"N",NA,7816,NA,1,7816,2,0,1,0
"371",4,13,1,5,3,1,12,13,"19BI","TOG","Impacted","Y",2648,"N",NA,7816,NA,1,7816,2,0,1,0
"372",4,13,1,6,3,2,8,13,"19BI","TOG","Impacted","Y",2648,"N",NA,7816,NA,1,7816,2,0,1,0
"373",4,13,2,1,1,1,0,13,"19BI","TOG","Impacted","Y",2648,"N",NA,7816,NA,1,7816,2,0,1,0
"374",4,13,2,2,1,2,0,13,"19BI","TOG","Impacted","Y",2648,"N",NA,7816,NA,1,7816,2,0,1,0
"375",4,13,2,3,2,1,0,13,"19BI","TOG","Impacted","Y",2648,"N",NA,7816,NA,1,7816,2,0,1,0
"376",4,13,2,4,2,2,0,13,"19BI","TOG","Impacted","Y",2648,"N",NA,7816,NA,1,7816,2,0,1,0
"377",4,14,1,1,1,1,0,7,"21AR","TOG","Reference","Y",2832,"N",NA,1353,NA,1,1353,3,0,0,1
"378",4,14,1,2,1,2,0,7,"21AR","TOG","Reference","Y",2832,"N",NA,1353,NA,1,1353,3,0,0,1
"379",4,14,2,1,1,1,0,7,"21AR","TOG","Reference","Y",2832,"N",NA,1353,NA,1,1353,3,0,0,1
"380",4,14,2,2,1,2,0,7,"21AR","TOG","Reference","Y",2832,"N",NA,1353,NA,1,1353,3,0,0,1
"381",4,14,2,3,2,1,0,7,"21AR","TOG","Reference","Y",2832,"N",NA,1353,NA,1,1353,3,0,0,1
"382",4,14,2,4,2,2,0,7,"21AR","TOG","Reference","Y",2832,"N",NA,1353,NA,1,1353,3,0,0,1
"383",4,15,1,1,1,1,0,4,"21BR","TOG","Reference","Y",2819,"N",NA,521,NA,1,521,3,0,0,1
"384",4,15,1,2,1,2,0,4,"21BR","TOG","Reference","Y",2819,"N",NA,521,NA,1,521,3,0,0,1
"385",4,15,2,1,1,1,0,4,"21BR","TOG","Reference","Y",2819,"N",NA,521,NA,1,521,3,0,0,1
"386",4,15,2,2,1,2,0,4,"21BR","TOG","Reference","Y",2819,"N",NA,521,NA,1,521,3,0,0,1
"387",4,15,2,3,2,1,0,4,"21BR","TOG","Reference","Y",2819,"N",NA,521,NA,1,521,3,0,0,1
"388",4,15,2,4,2,2,0,4,"21BR","TOG","Reference","Y",2819,"N",NA,521,NA,1,521,3,0,0,1
"389",4,16,1,1,1,1,0,12,"21CR","TOG","Reference","Y",2808,"N",NA,4121,NA,1,4121,3,0,0,1
"390",4,16,1,2,1,2,0,12,"21CR","TOG","Reference","Y",2808,"N",NA,4121,NA,1,4121,3,0,0,1
"391",4,16,2,1,1,1,0,12,"21CR","TOG","Reference","Y",2808,"N",NA,4121,NA,1,4121,3,0,0,1
"392",4,16,2,2,1,2,0,12,"21CR","TOG","Reference","Y",2808,"N",NA,4121,NA,1,4121,3,0,0,1
"393",4,16,2,3,2,1,0,12,"21CR","TOG","Reference","Y",2808,"N",NA,4121,NA,1,4121,3,0,0,1
"394",4,16,2,4,2,2,0,12,"21CR","TOG","Reference","Y",2808,"N",NA,4121,NA,1,4121,3,0,0,1
"395",4,17,1,1,1,1,0,5,"24CC","TOG","Created","Y",2907,"N",2012,2022,280,16,55,1,1,0,0
"396",4,17,1,2,1,2,0,5,"24CC","TOG","Created","Y",2907,"N",2012,2022,280,16,55,1,1,0,0
"397",4,17,2,1,1,1,0,3,"24CC","TOG","Created","Y",2907,"N",2012,2022,280,16,55,1,1,0,0
"398",4,17,2,2,1,2,0,3,"24CC","TOG","Created","Y",2907,"N",2012,2022,280,16,55,1,1,0,0
"399",4,17,2,3,2,1,0,3,"24CC","TOG","Created","Y",2907,"N",2012,2022,280,16,55,1,1,0,0
"400",4,17,2,4,2,2,0,3,"24CC","TOG","Created","Y",2907,"N",2012,2022,280,16,55,1,1,0,0
"401",4,18,1,1,1,1,0,1,"25AC","TOG","Created","Y",2934,"N",2012,2152,387,1,63,1,1,0,0
"402",4,18,1,2,1,2,0,1,"25AC","TOG","Created","Y",2934,"N",2012,2152,387,1,63,1,1,0,0
"403",4,18,2,1,1,1,0,1,"25AC","TOG","Created","Y",2934,"N",2012,2152,387,1,63,1,1,0,0
"404",4,18,2,2,1,2,0,1,"25AC","TOG","Created","Y",2934,"N",2012,2152,387,1,63,1,1,0,0
"405",4,18,2,3,2,1,0,1,"25AC","TOG","Created","Y",2934,"N",2012,2152,387,1,63,1,1,0,0
"406",4,18,2,4,2,2,0,1,"25AC","TOG","Created","Y",2934,"N",2012,2152,387,1,63,1,1,0,0
"407",4,19,1,1,1,1,0,10,"25BI","TOG","Impacted","Y",2918,"Y",NA,2258,NA,1,2258,2,0,1,0
"408",4,19,1,2,1,2,0,10,"25BI","TOG","Impacted","Y",2918,"Y",NA,2258,NA,1,2258,2,0,1,0
"409",4,19,2,1,1,1,0,10,"25BI","TOG","Impacted","Y",2918,"Y",NA,2258,NA,1,2258,2,0,1,0
"410",4,19,2,2,1,2,0,10,"25BI","TOG","Impacted","Y",2918,"Y",NA,2258,NA,1,2258,2,0,1,0
"411",4,19,2,3,2,1,0,10,"25BI","TOG","Impacted","Y",2918,"Y",NA,2258,NA,1,2258,2,0,1,0
"412",4,19,2,4,2,2,0,10,"25BI","TOG","Impacted","Y",2918,"Y",NA,2258,NA,1,2258,2,0,1,0
"413",4,20,1,1,1,1,0,8,"25CR","TOG","Reference","Y",2908,"N",NA,1903,NA,1,1903,3,0,0,1
"414",4,20,1,2,1,2,0,8,"25CR","TOG","Reference","Y",2908,"N",NA,1903,NA,1,1903,3,0,0,1
"415",4,20,2,1,1,1,0,8,"25CR","TOG","Reference","Y",2908,"N",NA,1903,NA,1,1903,3,0,0,1
"416",4,20,2,2,1,2,0,8,"25CR","TOG","Reference","Y",2908,"N",NA,1903,NA,1,1903,3,0,0,1
"417",4,20,2,3,2,1,0,8,"25CR","TOG","Reference","Y",2908,"N",NA,1903,NA,1,1903,3,0,0,1
"418",4,20,2,4,2,2,0,8,"25CR","TOG","Reference","Y",2908,"N",NA,1903,NA,1,1903,3,0,0,1
"419",4,21,1,1,1,1,0,3,"26AI","TOG","Impacted","Y",2921,"Y",NA,2253,NA,1,2253,2,0,1,0
"420",4,21,1,2,1,2,0,3,"26AI","TOG","Impacted","Y",2921,"Y",NA,2253,NA,1,2253,2,0,1,0
"421",4,21,2,1,1,1,0,3,"26AI","TOG","Impacted","Y",2921,"Y",NA,2253,NA,1,2253,2,0,1,0
"422",4,21,2,2,1,2,0,3,"26AI","TOG","Impacted","Y",2921,"Y",NA,2253,NA,1,2253,2,0,1,0
"423",4,21,2,3,2,1,0,3,"26AI","TOG","Impacted","Y",2921,"Y",NA,2253,NA,1,2253,2,0,1,0
"424",4,21,2,4,2,2,0,3,"26AI","TOG","Impacted","Y",2921,"Y",NA,2253,NA,1,2253,2,0,1,0
"425",4,22,1,1,1,1,0,4,"26BC","TOG","Created","Y",2902,"N",2012,3801,265,7,360,1,1,0,0
"426",4,22,1,2,1,2,0,4,"26BC","TOG","Created","Y",2902,"N",2012,3801,265,7,360,1,1,0,0
"427",4,22,2,1,1,1,0,3,"26BC","TOG","Created","Y",2902,"N",2012,3801,265,7,360,1,1,0,0
"428",4,22,2,2,1,2,0,3,"26BC","TOG","Created","Y",2902,"N",2012,3801,265,7,360,1,1,0,0
"429",4,22,2,3,2,1,0,3,"26BC","TOG","Created","Y",2902,"N",2012,3801,265,7,360,1,1,0,0
"430",4,22,2,4,2,2,0,3,"26BC","TOG","Created","Y",2902,"N",2012,3801,265,7,360,1,1,0,0
"431",4,23,1,1,1,1,2,25,"HE","BR","Reference","Y",2099,"Y",NA,8606,NA,1,8606,3,0,0,1
"432",4,23,1,2,1,2,3,25,"HE","BR","Reference","Y",2099,"Y",NA,8606,NA,1,8606,3,0,0,1
"433",4,23,1,3,2,1,5,25,"HE","BR","Reference","Y",2099,"Y",NA,8606,NA,1,8606,3,0,0,1
"434",4,23,1,4,2,2,8,25,"HE","BR","Reference","Y",2099,"Y",NA,8606,NA,1,8606,3,0,0,1
"435",4,23,1,5,3,1,4,25,"HE","BR","Reference","Y",2099,"Y",NA,8606,NA,1,8606,3,0,0,1
"436",4,23,1,6,3,2,5,25,"HE","BR","Reference","Y",2099,"Y",NA,8606,NA,1,8606,3,0,0,1
"437",4,23,2,1,1,1,6,25,"HE","BR","Reference","Y",2099,"Y",NA,8606,NA,1,8606,3,0,0,1
"438",4,23,2,2,1,2,6,25,"HE","BR","Reference","Y",2099,"Y",NA,8606,NA,1,8606,3,0,0,1
"439",4,23,2,3,2,1,17,25,"HE","BR","Reference","Y",2099,"Y",NA,8606,NA,1,8606,3,0,0,1
"440",4,23,2,4,2,2,16,25,"HE","BR","Reference","Y",2099,"Y",NA,8606,NA,1,8606,3,0,0,1
"441",4,23,2,5,3,1,21,25,"HE","BR","Reference","Y",2099,"Y",NA,8606,NA,1,8606,3,0,0,1
"442",4,23,2,6,3,2,11,25,"HE","BR","Reference","Y",2099,"Y",NA,8606,NA,1,8606,3,0,0,1
"443",4,24,2,1,1,1,0,46,"ML","BR","Created","Y",2099,"N",2014,67999,96,11,8505,1,1,0,0
"444",4,24,2,2,1,2,0,46,"ML","BR","Created","Y",2099,"N",2014,67999,96,11,8505,1,1,0,0
"445",4,24,2,3,2,1,0,46,"ML","BR","Created","Y",2099,"N",2014,67999,96,11,8505,1,1,0,0
"446",4,24,2,4,2,2,0,46,"ML","BR","Created","Y",2099,"N",2014,67999,96,11,8505,1,1,0,0
"447",4,25,1,1,1,1,0,18,"QU","BR","Created","Y",2099,"N",2008,10728,127,1,10728,1,1,0,0
"448",4,25,1,2,1,2,1,18,"QU","BR","Created","Y",2099,"N",2008,10728,127,1,10728,1,1,0,0
"449",4,25,1,3,2,1,1,18,"QU","BR","Created","Y",2099,"N",2008,10728,127,1,10728,1,1,0,0
"450",4,25,1,4,2,2,1,18,"QU","BR","Created","Y",2099,"N",2008,10728,127,1,10728,1,1,0,0
"451",4,25,2,1,1,1,0,7,"QU","BR","Created","Y",2099,"N",2008,10728,127,1,10728,1,1,0,0
"452",4,25,2,2,1,2,0,7,"QU","BR","Created","Y",2099,"N",2008,10728,127,1,10728,1,1,0,0
"453",4,26,1,1,1,1,2,30,"RW","BR","Reference","Y",2099,"N",NA,5184,NA,1,5184,3,0,0,1
"454",4,26,1,2,1,2,0,30,"RW","BR","Reference","Y",2099,"N",NA,5184,NA,1,5184,3,0,0,1
"455",4,26,1,3,2,1,2,30,"RW","BR","Reference","Y",2099,"N",NA,5184,NA,1,5184,3,0,0,1
"456",4,26,1,4,2,2,0,30,"RW","BR","Reference","Y",2099,"N",NA,5184,NA,1,5184,3,0,0,1
"457",4,26,1,5,3,1,1,30,"RW","BR","Reference","Y",2099,"N",NA,5184,NA,1,5184,3,0,0,1
"458",4,26,1,6,3,2,1,30,"RW","BR","Reference","Y",2099,"N",NA,5184,NA,1,5184,3,0,0,1
"459",4,26,2,1,1,1,0,30,"RW","BR","Reference","Y",2099,"N",NA,5184,NA,1,5184,3,0,0,1
"460",4,26,2,2,1,2,0,30,"RW","BR","Reference","Y",2099,"N",NA,5184,NA,1,5184,3,0,0,1
"461",4,26,2,3,2,1,0,30,"RW","BR","Reference","Y",2099,"N",NA,5184,NA,1,5184,3,0,0,1
"462",4,26,2,4,2,2,0,20,"RW","BR","Reference","Y",2099,"N",NA,5184,NA,1,5184,3,0,0,1
"463",4,26,2,5,3,1,0,30,"RW","BR","Reference","Y",2099,"N",NA,5184,NA,1,5184,3,0,0,1
"464",4,26,2,6,3,2,0,30,"RW","BR","Reference","Y",2099,"N",NA,5184,NA,1,5184,3,0,0,1
"465",4,27,1,1,1,1,10,29,"SD","BR","Reference","Y",2099,"N",NA,11608,NA,1,11608,3,0,0,1
"466",4,27,1,2,1,2,9,29,"SD","BR","Reference","Y",2099,"N",NA,11608,NA,1,11608,3,0,0,1
"467",4,27,1,3,2,1,9,29,"SD","BR","Reference","Y",2099,"N",NA,11608,NA,1,11608,3,0,0,1
"468",4,27,1,4,2,2,6,29,"SD","BR","Reference","Y",2099,"N",NA,11608,NA,1,11608,3,0,0,1
"469",4,27,1,5,3,1,7,29,"SD","BR","Reference","Y",2099,"N",NA,11608,NA,1,11608,3,0,0,1
"470",4,27,1,6,3,2,8,29,"SD","BR","Reference","Y",2099,"N",NA,11608,NA,1,11608,3,0,0,1
"471",4,27,1,7,4,1,7,29,"SD","BR","Reference","Y",2099,"N",NA,11608,NA,1,11608,3,0,0,1
"472",4,27,1,8,4,2,5,29,"SD","BR","Reference","Y",2099,"N",NA,11608,NA,1,11608,3,0,0,1
"473",4,27,2,1,1,1,1,29,"SD","BR","Reference","Y",2099,"N",NA,11608,NA,1,11608,3,0,0,1
"474",4,27,2,2,1,2,1,29,"SD","BR","Reference","Y",2099,"N",NA,11608,NA,1,11608,3,0,0,1
"475",4,27,2,3,2,1,2,29,"SD","BR","Reference","Y",2099,"N",NA,11608,NA,1,11608,3,0,0,1
"476",4,27,2,4,2,2,0,29,"SD","BR","Reference","Y",2099,"N",NA,11608,NA,1,11608,3,0,0,1
"477",4,27,2,5,3,1,2,29,"SD","BR","Reference","Y",2099,"N",NA,11608,NA,1,11608,3,0,0,1
"478",4,27,2,6,3,2,1,29,"SD","BR","Reference","Y",2099,"N",NA,11608,NA,1,11608,3,0,0,1
"479",4,28,2,1,1,1,0,28,"SP","BR","Created","Y",2099,"N",2005,16618,504,1,2101,1,1,0,0
"480",4,28,2,2,1,2,0,28,"SP","BR","Created","Y",2099,"N",2005,16618,504,1,2101,1,1,0,0
"481",4,28,2,3,2,1,0,28,"SP","BR","Created","Y",2099,"N",2005,16618,504,1,2101,1,1,0,0
"482",4,28,2,4,2,2,0,28,"SP","BR","Created","Y",2099,"N",2005,16618,504,1,2101,1,1,0,0
"483",4,28,2,5,3,1,0,28,"SP","BR","Created","Y",2099,"N",2005,16618,504,1,2101,1,1,0,0
"484",4,28,2,6,3,2,0,28,"SP","BR","Created","Y",2099,"N",2005,16618,504,1,2101,1,1,0,0
"485",2,1,1,1,1,1,0,12,"12CI","TOG","Impacted","Y",2419,"N",NA,5639,NA,1,5639,2,0,1,0
"486",2,1,1,2,1,2,0,12,"12CI","TOG","Impacted","Y",2419,"N",NA,5639,NA,1,5639,2,0,1,0
"487",2,1,1,3,2,1,0,12,"12CI","TOG","Impacted","Y",2419,"N",NA,5639,NA,1,5639,2,0,1,0
"488",2,1,1,4,2,2,0,12,"12CI","TOG","Impacted","Y",2419,"N",NA,5639,NA,1,5639,2,0,1,0
"489",2,1,1,5,3,1,0,12,"12CI","TOG","Impacted","Y",2419,"N",NA,5639,NA,1,5639,2,0,1,0
"490",2,1,1,6,3,2,0,12,"12CI","TOG","Impacted","Y",2419,"N",NA,5639,NA,1,5639,2,0,1,0
"491",2,1,2,1,1,1,0,14,"12CI","TOG","Impacted","Y",2419,"N",NA,5639,NA,1,5639,2,0,1,0
"492",2,1,2,2,1,2,0,14,"12CI","TOG","Impacted","Y",2419,"N",NA,5639,NA,1,5639,2,0,1,0
"493",2,1,2,3,2,1,0,14,"12CI","TOG","Impacted","Y",2419,"N",NA,5639,NA,1,5639,2,0,1,0
"494",2,1,2,4,2,2,0,14,"12CI","TOG","Impacted","Y",2419,"N",NA,5639,NA,1,5639,2,0,1,0
"495",2,2,1,1,1,1,0,4,"12DC","TOG","Created","Y",2416,"N",2012,1072,179,1,1072,1,1,0,0
"496",2,2,1,2,1,2,0,4,"12DC","TOG","Created","Y",2416,"N",2012,1072,179,1,1072,1,1,0,0
"497",2,2,2,1,1,1,0,4,"12DC","TOG","Created","Y",2416,"N",2012,1072,179,1,1072,1,1,0,0
"498",2,2,2,2,1,2,0,4,"12DC","TOG","Created","Y",2416,"N",2012,1072,179,1,1072,1,1,0,0
"499",2,2,2,3,2,1,0,2,"12DC","TOG","Created","Y",2416,"N",2012,1072,179,1,1072,1,1,0,0
"500",2,2,2,4,2,2,0,2,"12DC","TOG","Created","Y",2416,"N",2012,1072,179,1,1072,1,1,0,0
"501",2,3,1,1,1,1,0,8,"13AC","TOG","Created","Y",2407,"N",2012,1336,575,1,1336,1,1,0,0
"502",2,3,1,2,1,2,0,8,"13AC","TOG","Created","Y",2407,"N",2012,1336,575,1,1336,1,1,0,0
"503",2,3,1,3,2,1,0,8,"13AC","TOG","Created","Y",2407,"N",2012,1336,575,1,1336,1,1,0,0
"504",2,3,1,4,2,2,0,8,"13AC","TOG","Created","Y",2407,"N",2012,1336,575,1,1336,1,1,0,0
"505",2,3,2,1,1,1,0,7,"13AC","TOG","Created","Y",2407,"N",2012,1336,575,1,1336,1,1,0,0
"506",2,3,2,2,1,2,0,7,"13AC","TOG","Created","Y",2407,"N",2012,1336,575,1,1336,1,1,0,0
"507",2,3,2,3,2,1,0,4,"13AC","TOG","Created","Y",2407,"N",2012,1336,575,1,1336,1,1,0,0
"508",2,3,2,4,2,2,0,4,"13AC","TOG","Created","Y",2407,"N",2012,1336,575,1,1336,1,1,0,0
"509",2,3,2,5,3,1,0,4,"13AC","TOG","Created","Y",2407,"N",2012,1336,575,1,1336,1,1,0,0
"510",2,3,2,6,3,2,0,4,"13AC","TOG","Created","Y",2407,"N",2012,1336,575,1,1336,1,1,0,0
"511",2,4,1,1,1,1,0,19,"15AI","TOG","Impacted","Y",2570,"N",NA,12194,NA,1,12194,2,0,1,0
"512",2,4,1,2,1,2,0,19,"15AI","TOG","Impacted","Y",2570,"N",NA,12194,NA,1,12194,2,0,1,0
"513",2,4,1,3,2,1,0,19,"15AI","TOG","Impacted","Y",2570,"N",NA,12194,NA,1,12194,2,0,1,0
"514",2,4,1,4,2,2,0,19,"15AI","TOG","Impacted","Y",2570,"N",NA,12194,NA,1,12194,2,0,1,0
"515",2,4,1,5,3,1,0,19,"15AI","TOG","Impacted","Y",2570,"N",NA,12194,NA,1,12194,2,0,1,0
"516",2,4,1,6,3,2,0,19,"15AI","TOG","Impacted","Y",2570,"N",NA,12194,NA,1,12194,2,0,1,0
"517",2,4,2,1,1,1,0,19,"15AI","TOG","Impacted","Y",2570,"N",NA,12194,NA,1,12194,2,0,1,0
"518",2,4,2,2,1,2,0,19,"15AI","TOG","Impacted","Y",2570,"N",NA,12194,NA,1,12194,2,0,1,0
"519",2,4,2,3,2,1,0,19,"15AI","TOG","Impacted","Y",2570,"N",NA,12194,NA,1,12194,2,0,1,0
"520",2,4,2,4,2,2,0,19,"15AI","TOG","Impacted","Y",2570,"N",NA,12194,NA,1,12194,2,0,1,0
"521",2,4,2,5,3,1,0,19,"15AI","TOG","Impacted","Y",2570,"N",NA,12194,NA,1,12194,2,0,1,0
"522",2,4,2,6,3,2,0,19,"15AI","TOG","Impacted","Y",2570,"N",NA,12194,NA,1,12194,2,0,1,0
"523",2,5,1,1,1,1,14,4,"16BC","TOG","Created","Y",2644,"N",2010,3641,163,3,671,1,1,0,0
"524",2,5,1,2,1,2,5,4,"16BC","TOG","Created","Y",2644,"N",2010,3641,163,3,671,1,1,0,0
"525",2,5,1,3,2,1,2,3,"16BC","TOG","Created","Y",2644,"N",2010,3641,163,3,671,1,1,0,0
"526",2,5,1,4,2,2,2,3,"16BC","TOG","Created","Y",2644,"N",2010,3641,163,3,671,1,1,0,0
"527",2,5,1,5,3,1,1,3,"16BC","TOG","Created","Y",2644,"N",2010,3641,163,3,671,1,1,0,0
"528",2,5,1,6,3,2,1,3,"16BC","TOG","Created","Y",2644,"N",2010,3641,163,3,671,1,1,0,0
"529",2,5,2,1,1,1,3,3,"16BC","TOG","Created","Y",2644,"N",2010,3641,163,3,671,1,1,0,0
"530",2,5,2,2,1,2,4,3,"16BC","TOG","Created","Y",2644,"N",2010,3641,163,3,671,1,1,0,0
"531",2,5,2,3,2,1,1,2,"16BC","TOG","Created","Y",2644,"N",2010,3641,163,3,671,1,1,0,0
"532",2,5,2,4,2,2,1,2,"16BC","TOG","Created","Y",2644,"N",2010,3641,163,3,671,1,1,0,0
"533",2,5,2,5,3,1,0,2,"16BC","TOG","Created","Y",2644,"N",2010,3641,163,3,671,1,1,0,0
"534",2,5,2,6,3,2,30,2,"16BC","TOG","Created","Y",2644,"N",2010,3641,163,3,671,1,1,0,0
"535",2,6,1,1,1,1,0,7,"16CR","TOG","Reference","Y",2640,"N",NA,1875,NA,1,1875,3,0,0,1
"536",2,6,1,2,1,2,0,7,"16CR","TOG","Reference","Y",2640,"N",NA,1875,NA,1,1875,3,0,0,1
"537",2,6,1,3,2,1,0,7,"16CR","TOG","Reference","Y",2640,"N",NA,1875,NA,1,1875,3,0,0,1
"538",2,6,1,4,2,2,0,7,"16CR","TOG","Reference","Y",2640,"N",NA,1875,NA,1,1875,3,0,0,1
"539",2,6,2,1,1,1,0,7,"16CR","TOG","Reference","Y",2640,"N",NA,1875,NA,1,1875,3,0,0,1
"540",2,6,2,2,1,2,0,7,"16CR","TOG","Reference","Y",2640,"N",NA,1875,NA,1,1875,3,0,0,1
"541",2,6,2,3,2,1,0,7,"16CR","TOG","Reference","Y",2640,"N",NA,1875,NA,1,1875,3,0,0,1
"542",2,6,2,4,2,2,0,7,"16CR","TOG","Reference","Y",2640,"N",NA,1875,NA,1,1875,3,0,0,1
"543",2,6,2,5,3,1,0,7,"16CR","TOG","Reference","Y",2640,"N",NA,1875,NA,1,1875,3,0,0,1
"544",2,6,2,6,3,2,0,7,"16CR","TOG","Reference","Y",2640,"N",NA,1875,NA,1,1875,3,0,0,1
"545",2,7,1,1,1,1,0,10,"17AI","TOG","Impacted","Y",2639,"N",NA,4760,NA,1,4760,2,0,1,0
"546",2,7,1,2,1,2,0,10,"17AI","TOG","Impacted","Y",2639,"N",NA,4760,NA,1,4760,2,0,1,0
"547",2,7,1,3,2,1,0,10,"17AI","TOG","Impacted","Y",2639,"N",NA,4760,NA,1,4760,2,0,1,0
"548",2,7,1,4,2,2,0,10,"17AI","TOG","Impacted","Y",2639,"N",NA,4760,NA,1,4760,2,0,1,0
"549",2,7,1,5,3,1,0,10,"17AI","TOG","Impacted","Y",2639,"N",NA,4760,NA,1,4760,2,0,1,0
"550",2,7,1,6,3,2,0,10,"17AI","TOG","Impacted","Y",2639,"N",NA,4760,NA,1,4760,2,0,1,0
"551",2,7,2,1,1,1,0,10,"17AI","TOG","Impacted","Y",2639,"N",NA,4760,NA,1,4760,2,0,1,0
"552",2,7,2,2,1,2,0,10,"17AI","TOG","Impacted","Y",2639,"N",NA,4760,NA,1,4760,2,0,1,0
"553",2,7,2,3,2,1,0,10,"17AI","TOG","Impacted","Y",2639,"N",NA,4760,NA,1,4760,2,0,1,0
"554",2,7,2,4,2,2,0,10,"17AI","TOG","Impacted","Y",2639,"N",NA,4760,NA,1,4760,2,0,1,0
"555",2,7,2,5,3,1,0,10,"17AI","TOG","Impacted","Y",2639,"N",NA,4760,NA,1,4760,2,0,1,0
"556",2,7,2,6,3,2,0,10,"17AI","TOG","Impacted","Y",2639,"N",NA,4760,NA,1,4760,2,0,1,0
"557",2,8,1,1,1,1,0,6,"17BI","TOG","Impacted","Y",2632,"N",NA,2724,NA,1,2724,2,0,1,0
"558",2,8,1,2,1,2,0,6,"17BI","TOG","Impacted","Y",2632,"N",NA,2724,NA,1,2724,2,0,1,0
"559",2,8,1,3,2,1,0,6,"17BI","TOG","Impacted","Y",2632,"N",NA,2724,NA,1,2724,2,0,1,0
"560",2,8,1,4,2,2,0,6,"17BI","TOG","Impacted","Y",2632,"N",NA,2724,NA,1,2724,2,0,1,0
"561",2,8,1,5,3,1,0,6,"17BI","TOG","Impacted","Y",2632,"N",NA,2724,NA,1,2724,2,0,1,0
"562",2,8,1,6,3,2,0,6,"17BI","TOG","Impacted","Y",2632,"N",NA,2724,NA,1,2724,2,0,1,0
"563",2,8,2,1,1,1,0,6,"17BI","TOG","Impacted","Y",2632,"N",NA,2724,NA,1,2724,2,0,1,0
"564",2,8,2,2,1,2,0,6,"17BI","TOG","Impacted","Y",2632,"N",NA,2724,NA,1,2724,2,0,1,0
"565",2,8,2,3,2,1,0,6,"17BI","TOG","Impacted","Y",2632,"N",NA,2724,NA,1,2724,2,0,1,0
"566",2,8,2,4,2,2,0,6,"17BI","TOG","Impacted","Y",2632,"N",NA,2724,NA,1,2724,2,0,1,0
"567",2,8,2,5,3,1,0,6,"17BI","TOG","Impacted","Y",2632,"N",NA,2724,NA,1,2724,2,0,1,0
"568",2,8,2,6,3,2,0,6,"17BI","TOG","Impacted","Y",2632,"N",NA,2724,NA,1,2724,2,0,1,0
"569",2,9,1,1,1,1,0,3,"17DR","TOG","Reference","Y",2632,"N",NA,480,NA,1,480,3,0,0,1
"570",2,9,1,2,1,2,0,3,"17DR","TOG","Reference","Y",2632,"N",NA,480,NA,1,480,3,0,0,1
"571",2,9,1,3,2,1,0,3,"17DR","TOG","Reference","Y",2632,"N",NA,480,NA,1,480,3,0,0,1
"572",2,9,1,4,2,2,0,3,"17DR","TOG","Reference","Y",2632,"N",NA,480,NA,1,480,3,0,0,1
"573",2,9,1,5,3,1,0,3,"17DR","TOG","Reference","Y",2632,"N",NA,480,NA,1,480,3,0,0,1
"574",2,9,1,6,3,2,0,3,"17DR","TOG","Reference","Y",2632,"N",NA,480,NA,1,480,3,0,0,1
"575",2,9,2,1,1,1,0,3,"17DR","TOG","Reference","Y",2632,"N",NA,480,NA,1,480,3,0,0,1
"576",2,9,2,2,1,2,0,3,"17DR","TOG","Reference","Y",2632,"N",NA,480,NA,1,480,3,0,0,1
"577",2,9,2,3,2,1,0,3,"17DR","TOG","Reference","Y",2632,"N",NA,480,NA,1,480,3,0,0,1
"578",2,9,2,4,2,2,0,3,"17DR","TOG","Reference","Y",2632,"N",NA,480,NA,1,480,3,0,0,1
"579",2,9,2,5,3,1,0,3,"17DR","TOG","Reference","Y",2632,"N",NA,480,NA,1,480,3,0,0,1
"580",2,9,2,6,3,2,0,3,"17DR","TOG","Reference","Y",2632,"N",NA,480,NA,1,480,3,0,0,1
"581",2,10,1,1,1,1,0,6,"17ER","TOG","Reference","Y",2632,"N",NA,1129,NA,1,1129,3,0,0,1
"582",2,10,1,2,1,2,0,6,"17ER","TOG","Reference","Y",2632,"N",NA,1129,NA,1,1129,3,0,0,1
"583",2,10,1,3,2,1,0,6,"17ER","TOG","Reference","Y",2632,"N",NA,1129,NA,1,1129,3,0,0,1
"584",2,10,1,4,2,2,0,6,"17ER","TOG","Reference","Y",2632,"N",NA,1129,NA,1,1129,3,0,0,1
"585",2,10,1,5,3,1,0,6,"17ER","TOG","Reference","Y",2632,"N",NA,1129,NA,1,1129,3,0,0,1
"586",2,10,1,6,3,2,0,6,"17ER","TOG","Reference","Y",2632,"N",NA,1129,NA,1,1129,3,0,0,1
"587",2,10,2,1,1,1,0,6,"17ER","TOG","Reference","Y",2632,"N",NA,1129,NA,1,1129,3,0,0,1
"588",2,10,2,2,1,2,0,6,"17ER","TOG","Reference","Y",2632,"N",NA,1129,NA,1,1129,3,0,0,1
"589",2,10,2,3,2,1,0,6,"17ER","TOG","Reference","Y",2632,"N",NA,1129,NA,1,1129,3,0,0,1
"590",2,10,2,4,2,2,0,6,"17ER","TOG","Reference","Y",2632,"N",NA,1129,NA,1,1129,3,0,0,1
"591",2,10,2,5,3,1,0,6,"17ER","TOG","Reference","Y",2632,"N",NA,1129,NA,1,1129,3,0,0,1
"592",2,10,2,6,3,2,0,6,"17ER","TOG","Reference","Y",2632,"N",NA,1129,NA,1,1129,3,0,0,1
"593",2,11,1,1,1,1,6,2,"19??","TOG","Created","N",2644,"N",2013,4229,182,3,1739,1,1,0,0
"594",2,11,1,2,1,2,15,2,"19??","TOG","Created","N",2644,"N",2013,4229,182,3,1739,1,1,0,0
"595",2,11,1,3,2,1,0,2,"19??","TOG","Created","N",2644,"N",2013,4229,182,3,1739,1,1,0,0
"596",2,11,1,4,2,2,0,2,"19??","TOG","Created","N",2644,"N",2013,4229,182,3,1739,1,1,0,0
"597",2,11,1,5,3,1,5,2,"19??","TOG","Created","N",2644,"N",2013,4229,182,3,1739,1,1,0,0
"598",2,11,1,6,3,2,4,2,"19??","TOG","Created","N",2644,"N",2013,4229,182,3,1739,1,1,0,0
"599",2,11,2,1,1,1,12,2,"19??","TOG","Created","N",2644,"N",2013,4229,182,3,1739,1,1,0,0
"600",2,11,2,2,1,2,25,2,"19??","TOG","Created","N",2644,"N",2013,4229,182,3,1739,1,1,0,0
"601",2,11,2,3,2,1,10,2,"19??","TOG","Created","N",2644,"N",2013,4229,182,3,1739,1,1,0,0
"602",2,11,2,4,2,2,3,2,"19??","TOG","Created","N",2644,"N",2013,4229,182,3,1739,1,1,0,0
"603",2,12,1,1,1,1,0,2,"19AC","TOG","Created","Y",2648,"N",2012,13223,168,6,1556,1,1,0,0
"604",2,12,1,2,1,2,0,2,"19AC","TOG","Created","Y",2648,"N",2012,13223,168,6,1556,1,1,0,0
"605",2,12,2,1,1,1,0,3,"19AC","TOG","Created","Y",2648,"N",2012,13223,168,6,1556,1,1,0,0
"606",2,12,2,2,1,2,0,3,"19AC","TOG","Created","Y",2648,"N",2012,13223,168,6,1556,1,1,0,0
"607",2,12,2,3,2,1,0,2,"19AC","TOG","Created","Y",2648,"N",2012,13223,168,6,1556,1,1,0,0
"608",2,12,2,4,2,2,0,2,"19AC","TOG","Created","Y",2648,"N",2012,13223,168,6,1556,1,1,0,0
"609",2,13,1,1,1,1,0,13,"19BI","TOG","Impacted","Y",2648,"N",NA,7816,NA,1,7816,2,0,1,0
"610",2,13,1,2,1,2,0,13,"19BI","TOG","Impacted","Y",2648,"N",NA,7816,NA,1,7816,2,0,1,0
"611",2,13,1,3,2,1,0,13,"19BI","TOG","Impacted","Y",2648,"N",NA,7816,NA,1,7816,2,0,1,0
"612",2,13,1,4,2,2,0,13,"19BI","TOG","Impacted","Y",2648,"N",NA,7816,NA,1,7816,2,0,1,0
"613",2,13,1,5,3,1,0,13,"19BI","TOG","Impacted","Y",2648,"N",NA,7816,NA,1,7816,2,0,1,0
"614",2,13,1,6,3,2,0,13,"19BI","TOG","Impacted","Y",2648,"N",NA,7816,NA,1,7816,2,0,1,0
"615",2,13,2,1,1,1,0,13,"19BI","TOG","Impacted","Y",2648,"N",NA,7816,NA,1,7816,2,0,1,0
"616",2,13,2,2,1,2,0,13,"19BI","TOG","Impacted","Y",2648,"N",NA,7816,NA,1,7816,2,0,1,0
"617",2,13,2,3,2,1,0,13,"19BI","TOG","Impacted","Y",2648,"N",NA,7816,NA,1,7816,2,0,1,0
"618",2,13,2,4,2,2,0,13,"19BI","TOG","Impacted","Y",2648,"N",NA,7816,NA,1,7816,2,0,1,0
"619",2,14,1,1,1,1,0,7,"21AR","TOG","Reference","Y",2832,"N",NA,1353,NA,1,1353,3,0,0,1
"620",2,14,1,2,1,2,0,7,"21AR","TOG","Reference","Y",2832,"N",NA,1353,NA,1,1353,3,0,0,1
"621",2,14,2,1,1,1,0,7,"21AR","TOG","Reference","Y",2832,"N",NA,1353,NA,1,1353,3,0,0,1
"622",2,14,2,2,1,2,0,7,"21AR","TOG","Reference","Y",2832,"N",NA,1353,NA,1,1353,3,0,0,1
"623",2,14,2,3,2,1,0,7,"21AR","TOG","Reference","Y",2832,"N",NA,1353,NA,1,1353,3,0,0,1
"624",2,14,2,4,2,2,0,7,"21AR","TOG","Reference","Y",2832,"N",NA,1353,NA,1,1353,3,0,0,1
"625",2,15,1,1,1,1,0,4,"21BR","TOG","Reference","Y",2819,"N",NA,521,NA,1,521,3,0,0,1
"626",2,15,1,2,1,2,0,4,"21BR","TOG","Reference","Y",2819,"N",NA,521,NA,1,521,3,0,0,1
"627",2,15,2,1,1,1,0,4,"21BR","TOG","Reference","Y",2819,"N",NA,521,NA,1,521,3,0,0,1
"628",2,15,2,2,1,2,0,4,"21BR","TOG","Reference","Y",2819,"N",NA,521,NA,1,521,3,0,0,1
"629",2,15,2,3,2,1,0,4,"21BR","TOG","Reference","Y",2819,"N",NA,521,NA,1,521,3,0,0,1
"630",2,15,2,4,2,2,0,4,"21BR","TOG","Reference","Y",2819,"N",NA,521,NA,1,521,3,0,0,1
"631",2,16,1,1,1,1,0,12,"21CR","TOG","Reference","Y",2808,"N",NA,4121,NA,1,4121,3,0,0,1
"632",2,16,1,2,1,2,0,12,"21CR","TOG","Reference","Y",2808,"N",NA,4121,NA,1,4121,3,0,0,1
"633",2,16,2,1,1,1,0,12,"21CR","TOG","Reference","Y",2808,"N",NA,4121,NA,1,4121,3,0,0,1
"634",2,16,2,2,1,2,0,12,"21CR","TOG","Reference","Y",2808,"N",NA,4121,NA,1,4121,3,0,0,1
"635",2,16,2,3,2,1,0,12,"21CR","TOG","Reference","Y",2808,"N",NA,4121,NA,1,4121,3,0,0,1
"636",2,16,2,4,2,2,0,12,"21CR","TOG","Reference","Y",2808,"N",NA,4121,NA,1,4121,3,0,0,1
"637",2,17,1,1,1,1,0,5,"24CC","TOG","Created","Y",2907,"N",2012,2022,280,16,55,1,1,0,0
"638",2,17,1,2,1,2,0,5,"24CC","TOG","Created","Y",2907,"N",2012,2022,280,16,55,1,1,0,0
"639",2,17,2,1,1,1,0,3,"24CC","TOG","Created","Y",2907,"N",2012,2022,280,16,55,1,1,0,0
"640",2,17,2,2,1,2,0,3,"24CC","TOG","Created","Y",2907,"N",2012,2022,280,16,55,1,1,0,0
"641",2,17,2,3,2,1,0,3,"24CC","TOG","Created","Y",2907,"N",2012,2022,280,16,55,1,1,0,0
"642",2,17,2,4,2,2,0,3,"24CC","TOG","Created","Y",2907,"N",2012,2022,280,16,55,1,1,0,0
"643",2,18,1,1,1,1,0,1,"25AC","TOG","Created","Y",2934,"N",2012,2152,387,1,63,1,1,0,0
"644",2,18,1,2,1,2,0,1,"25AC","TOG","Created","Y",2934,"N",2012,2152,387,1,63,1,1,0,0
"645",2,18,2,1,1,1,0,1,"25AC","TOG","Created","Y",2934,"N",2012,2152,387,1,63,1,1,0,0
"646",2,18,2,2,1,2,0,1,"25AC","TOG","Created","Y",2934,"N",2012,2152,387,1,63,1,1,0,0
"647",2,18,2,3,2,1,0,1,"25AC","TOG","Created","Y",2934,"N",2012,2152,387,1,63,1,1,0,0
"648",2,18,2,4,2,2,0,1,"25AC","TOG","Created","Y",2934,"N",2012,2152,387,1,63,1,1,0,0
"649",2,19,1,1,1,1,0,10,"25BI","TOG","Impacted","Y",2918,"Y",NA,2258,NA,1,2258,2,0,1,0
"650",2,19,1,2,1,2,0,10,"25BI","TOG","Impacted","Y",2918,"Y",NA,2258,NA,1,2258,2,0,1,0
"651",2,19,2,1,1,1,0,10,"25BI","TOG","Impacted","Y",2918,"Y",NA,2258,NA,1,2258,2,0,1,0
"652",2,19,2,2,1,2,0,10,"25BI","TOG","Impacted","Y",2918,"Y",NA,2258,NA,1,2258,2,0,1,0
"653",2,19,2,3,2,1,0,10,"25BI","TOG","Impacted","Y",2918,"Y",NA,2258,NA,1,2258,2,0,1,0
"654",2,19,2,4,2,2,0,10,"25BI","TOG","Impacted","Y",2918,"Y",NA,2258,NA,1,2258,2,0,1,0
"655",2,20,1,1,1,1,0,8,"25CR","TOG","Reference","Y",2908,"N",NA,1903,NA,1,1903,3,0,0,1
"656",2,20,1,2,1,2,0,8,"25CR","TOG","Reference","Y",2908,"N",NA,1903,NA,1,1903,3,0,0,1
"657",2,20,2,1,1,1,0,8,"25CR","TOG","Reference","Y",2908,"N",NA,1903,NA,1,1903,3,0,0,1
"658",2,20,2,2,1,2,0,8,"25CR","TOG","Reference","Y",2908,"N",NA,1903,NA,1,1903,3,0,0,1
"659",2,20,2,3,2,1,0,8,"25CR","TOG","Reference","Y",2908,"N",NA,1903,NA,1,1903,3,0,0,1
"660",2,20,2,4,2,2,0,8,"25CR","TOG","Reference","Y",2908,"N",NA,1903,NA,1,1903,3,0,0,1
"661",2,21,1,1,1,1,0,3,"26AI","TOG","Impacted","Y",2921,"Y",NA,2253,NA,1,2253,2,0,1,0
"662",2,21,1,2,1,2,0,3,"26AI","TOG","Impacted","Y",2921,"Y",NA,2253,NA,1,2253,2,0,1,0
"663",2,21,2,1,1,1,0,3,"26AI","TOG","Impacted","Y",2921,"Y",NA,2253,NA,1,2253,2,0,1,0
"664",2,21,2,2,1,2,0,3,"26AI","TOG","Impacted","Y",2921,"Y",NA,2253,NA,1,2253,2,0,1,0
"665",2,21,2,3,2,1,0,3,"26AI","TOG","Impacted","Y",2921,"Y",NA,2253,NA,1,2253,2,0,1,0
"666",2,21,2,4,2,2,0,3,"26AI","TOG","Impacted","Y",2921,"Y",NA,2253,NA,1,2253,2,0,1,0
"667",2,22,1,1,1,1,0,4,"26BC","TOG","Created","Y",2902,"N",2012,3801,265,7,360,1,1,0,0
"668",2,22,1,2,1,2,0,4,"26BC","TOG","Created","Y",2902,"N",2012,3801,265,7,360,1,1,0,0
"669",2,22,2,1,1,1,0,3,"26BC","TOG","Created","Y",2902,"N",2012,3801,265,7,360,1,1,0,0
"670",2,22,2,2,1,2,0,3,"26BC","TOG","Created","Y",2902,"N",2012,3801,265,7,360,1,1,0,0
"671",2,22,2,3,2,1,0,3,"26BC","TOG","Created","Y",2902,"N",2012,3801,265,7,360,1,1,0,0
"672",2,22,2,4,2,2,0,3,"26BC","TOG","Created","Y",2902,"N",2012,3801,265,7,360,1,1,0,0
"673",2,23,1,1,1,1,6,25,"HE","BR","Reference","Y",2099,"Y",NA,8606,NA,1,8606,3,0,0,1
"674",2,23,1,2,1,2,3,25,"HE","BR","Reference","Y",2099,"Y",NA,8606,NA,1,8606,3,0,0,1
"675",2,23,1,3,2,1,69,25,"HE","BR","Reference","Y",2099,"Y",NA,8606,NA,1,8606,3,0,0,1
"676",2,23,1,4,2,2,0,25,"HE","BR","Reference","Y",2099,"Y",NA,8606,NA,1,8606,3,0,0,1
"677",2,23,1,5,3,1,3,25,"HE","BR","Reference","Y",2099,"Y",NA,8606,NA,1,8606,3,0,0,1
"678",2,23,1,6,3,2,15,25,"HE","BR","Reference","Y",2099,"Y",NA,8606,NA,1,8606,3,0,0,1
"679",2,23,2,1,1,1,0,25,"HE","BR","Reference","Y",2099,"Y",NA,8606,NA,1,8606,3,0,0,1
"680",2,23,2,2,1,2,0,25,"HE","BR","Reference","Y",2099,"Y",NA,8606,NA,1,8606,3,0,0,1
"681",2,23,2,3,2,1,0,25,"HE","BR","Reference","Y",2099,"Y",NA,8606,NA,1,8606,3,0,0,1
"682",2,23,2,4,2,2,2,25,"HE","BR","Reference","Y",2099,"Y",NA,8606,NA,1,8606,3,0,0,1
"683",2,23,2,5,3,1,0,25,"HE","BR","Reference","Y",2099,"Y",NA,8606,NA,1,8606,3,0,0,1
"684",2,23,2,6,3,2,0,25,"HE","BR","Reference","Y",2099,"Y",NA,8606,NA,1,8606,3,0,0,1
"685",2,24,2,1,1,1,12,46,"ML","BR","Created","Y",2099,"N",2014,67999,96,11,8505,1,1,0,0
"686",2,24,2,2,1,2,6,46,"ML","BR","Created","Y",2099,"N",2014,67999,96,11,8505,1,1,0,0
"687",2,24,2,3,2,1,2,46,"ML","BR","Created","Y",2099,"N",2014,67999,96,11,8505,1,1,0,0
"688",2,24,2,4,2,2,3,46,"ML","BR","Created","Y",2099,"N",2014,67999,96,11,8505,1,1,0,0
"689",2,25,1,1,1,1,910,18,"QU","BR","Created","Y",2099,"N",2008,10728,127,1,10728,1,1,0,0
"690",2,25,1,2,1,2,12,18,"QU","BR","Created","Y",2099,"N",2008,10728,127,1,10728,1,1,0,0
"691",2,25,1,3,2,1,139,18,"QU","BR","Created","Y",2099,"N",2008,10728,127,1,10728,1,1,0,0
"692",2,25,1,4,2,2,58,18,"QU","BR","Created","Y",2099,"N",2008,10728,127,1,10728,1,1,0,0
"693",2,25,2,1,1,1,185,7,"QU","BR","Created","Y",2099,"N",2008,10728,127,1,10728,1,1,0,0
"694",2,25,2,2,1,2,71,7,"QU","BR","Created","Y",2099,"N",2008,10728,127,1,10728,1,1,0,0
"695",2,26,1,1,1,1,0,30,"RW","BR","Reference","Y",2099,"N",NA,5184,NA,1,5184,3,0,0,1
"696",2,26,1,2,1,2,0,30,"RW","BR","Reference","Y",2099,"N",NA,5184,NA,1,5184,3,0,0,1
"697",2,26,1,3,2,1,0,30,"RW","BR","Reference","Y",2099,"N",NA,5184,NA,1,5184,3,0,0,1
"698",2,26,1,4,2,2,0,30,"RW","BR","Reference","Y",2099,"N",NA,5184,NA,1,5184,3,0,0,1
"699",2,26,1,5,3,1,0,30,"RW","BR","Reference","Y",2099,"N",NA,5184,NA,1,5184,3,0,0,1
"700",2,26,1,6,3,2,0,30,"RW","BR","Reference","Y",2099,"N",NA,5184,NA,1,5184,3,0,0,1
"701",2,26,2,1,1,1,0,30,"RW","BR","Reference","Y",2099,"N",NA,5184,NA,1,5184,3,0,0,1
"702",2,26,2,2,1,2,0,30,"RW","BR","Reference","Y",2099,"N",NA,5184,NA,1,5184,3,0,0,1
"703",2,26,2,3,2,1,0,30,"RW","BR","Reference","Y",2099,"N",NA,5184,NA,1,5184,3,0,0,1
"704",2,26,2,4,2,2,0,20,"RW","BR","Reference","Y",2099,"N",NA,5184,NA,1,5184,3,0,0,1
"705",2,26,2,5,3,1,0,30,"RW","BR","Reference","Y",2099,"N",NA,5184,NA,1,5184,3,0,0,1
"706",2,26,2,6,3,2,0,30,"RW","BR","Reference","Y",2099,"N",NA,5184,NA,1,5184,3,0,0,1
"707",2,27,1,1,1,1,0,29,"SD","BR","Reference","Y",2099,"N",NA,11608,NA,1,11608,3,0,0,1
"708",2,27,1,2,1,2,0,29,"SD","BR","Reference","Y",2099,"N",NA,11608,NA,1,11608,3,0,0,1
"709",2,27,1,3,2,1,5,29,"SD","BR","Reference","Y",2099,"N",NA,11608,NA,1,11608,3,0,0,1
"710",2,27,1,4,2,2,6,29,"SD","BR","Reference","Y",2099,"N",NA,11608,NA,1,11608,3,0,0,1
"711",2,27,1,5,3,1,1,29,"SD","BR","Reference","Y",2099,"N",NA,11608,NA,1,11608,3,0,0,1
"712",2,27,1,6,3,2,3,29,"SD","BR","Reference","Y",2099,"N",NA,11608,NA,1,11608,3,0,0,1
"713",2,27,1,7,4,1,1,29,"SD","BR","Reference","Y",2099,"N",NA,11608,NA,1,11608,3,0,0,1
"714",2,27,1,8,4,2,4,29,"SD","BR","Reference","Y",2099,"N",NA,11608,NA,1,11608,3,0,0,1
"715",2,27,2,1,1,1,0,29,"SD","BR","Reference","Y",2099,"N",NA,11608,NA,1,11608,3,0,0,1
"716",2,27,2,2,1,2,0,29,"SD","BR","Reference","Y",2099,"N",NA,11608,NA,1,11608,3,0,0,1
"717",2,27,2,3,2,1,0,29,"SD","BR","Reference","Y",2099,"N",NA,11608,NA,1,11608,3,0,0,1
"718",2,27,2,4,2,2,0,29,"SD","BR","Reference","Y",2099,"N",NA,11608,NA,1,11608,3,0,0,1
"719",2,27,2,5,3,1,0,29,"SD","BR","Reference","Y",2099,"N",NA,11608,NA,1,11608,3,0,0,1
"720",2,27,2,6,3,2,0,29,"SD","BR","Reference","Y",2099,"N",NA,11608,NA,1,11608,3,0,0,1
"721",2,28,2,1,1,1,4,28,"SP","BR","Created","Y",2099,"N",2005,16618,504,1,2101,1,1,0,0
"722",2,28,2,2,1,2,5,28,"SP","BR","Created","Y",2099,"N",2005,16618,504,1,2101,1,1,0,0
"723",2,28,2,3,2,1,4,28,"SP","BR","Created","Y",2099,"N",2005,16618,504,1,2101,1,1,0,0
"724",2,28,2,4,2,2,6,28,"SP","BR","Created","Y",2099,"N",2005,16618,504,1,2101,1,1,0,0
"725",2,28,2,5,3,1,1,28,"SP","BR","Created","Y",2099,"N",2005,16618,504,1,2101,1,1,0,0
"726",2,28,2,6,3,2,1,28,"SP","BR","Created","Y",2099,"N",2005,16618,504,1,2101,1,1,0,0
"727",1,1,1,1,1,1,0,12,"12CI","TOG","Impacted","Y",2419,"N",NA,5639,NA,1,5639,2,0,1,0
"728",1,1,1,2,1,2,0,12,"12CI","TOG","Impacted","Y",2419,"N",NA,5639,NA,1,5639,2,0,1,0
"729",1,1,1,3,2,1,0,12,"12CI","TOG","Impacted","Y",2419,"N",NA,5639,NA,1,5639,2,0,1,0
"730",1,1,1,4,2,2,0,12,"12CI","TOG","Impacted","Y",2419,"N",NA,5639,NA,1,5639,2,0,1,0
"731",1,1,1,5,3,1,0,12,"12CI","TOG","Impacted","Y",2419,"N",NA,5639,NA,1,5639,2,0,1,0
"732",1,1,1,6,3,2,0,12,"12CI","TOG","Impacted","Y",2419,"N",NA,5639,NA,1,5639,2,0,1,0
"733",1,1,2,1,1,1,0,14,"12CI","TOG","Impacted","Y",2419,"N",NA,5639,NA,1,5639,2,0,1,0
"734",1,1,2,2,1,2,0,14,"12CI","TOG","Impacted","Y",2419,"N",NA,5639,NA,1,5639,2,0,1,0
"735",1,1,2,3,2,1,0,14,"12CI","TOG","Impacted","Y",2419,"N",NA,5639,NA,1,5639,2,0,1,0
"736",1,1,2,4,2,2,0,14,"12CI","TOG","Impacted","Y",2419,"N",NA,5639,NA,1,5639,2,0,1,0
"737",1,2,1,1,1,1,0,4,"12DC","TOG","Created","Y",2416,"N",2012,1072,179,1,1072,1,1,0,0
"738",1,2,1,2,1,2,0,4,"12DC","TOG","Created","Y",2416,"N",2012,1072,179,1,1072,1,1,0,0
"739",1,2,2,1,1,1,0,4,"12DC","TOG","Created","Y",2416,"N",2012,1072,179,1,1072,1,1,0,0
"740",1,2,2,2,1,2,0,4,"12DC","TOG","Created","Y",2416,"N",2012,1072,179,1,1072,1,1,0,0
"741",1,2,2,3,2,1,0,2,"12DC","TOG","Created","Y",2416,"N",2012,1072,179,1,1072,1,1,0,0
"742",1,2,2,4,2,2,0,2,"12DC","TOG","Created","Y",2416,"N",2012,1072,179,1,1072,1,1,0,0
"743",1,3,1,1,1,1,4,8,"13AC","TOG","Created","Y",2407,"N",2012,1336,575,1,1336,1,1,0,0
"744",1,3,1,2,1,2,9,8,"13AC","TOG","Created","Y",2407,"N",2012,1336,575,1,1336,1,1,0,0
"745",1,3,1,3,2,1,6,8,"13AC","TOG","Created","Y",2407,"N",2012,1336,575,1,1336,1,1,0,0
"746",1,3,1,4,2,2,7,8,"13AC","TOG","Created","Y",2407,"N",2012,1336,575,1,1336,1,1,0,0
"747",1,3,2,1,1,1,0,7,"13AC","TOG","Created","Y",2407,"N",2012,1336,575,1,1336,1,1,0,0
"748",1,3,2,2,1,2,0,7,"13AC","TOG","Created","Y",2407,"N",2012,1336,575,1,1336,1,1,0,0
"749",1,3,2,3,2,1,0,4,"13AC","TOG","Created","Y",2407,"N",2012,1336,575,1,1336,1,1,0,0
"750",1,3,2,4,2,2,0,4,"13AC","TOG","Created","Y",2407,"N",2012,1336,575,1,1336,1,1,0,0
"751",1,3,2,5,3,1,1,4,"13AC","TOG","Created","Y",2407,"N",2012,1336,575,1,1336,1,1,0,0
"752",1,3,2,6,3,2,0,4,"13AC","TOG","Created","Y",2407,"N",2012,1336,575,1,1336,1,1,0,0
"753",1,4,1,1,1,1,1,19,"15AI","TOG","Impacted","Y",2570,"N",NA,12194,NA,1,12194,2,0,1,0
"754",1,4,1,2,1,2,1,19,"15AI","TOG","Impacted","Y",2570,"N",NA,12194,NA,1,12194,2,0,1,0
"755",1,4,1,3,2,1,2,19,"15AI","TOG","Impacted","Y",2570,"N",NA,12194,NA,1,12194,2,0,1,0
"756",1,4,1,4,2,2,1,19,"15AI","TOG","Impacted","Y",2570,"N",NA,12194,NA,1,12194,2,0,1,0
"757",1,4,1,5,3,1,0,19,"15AI","TOG","Impacted","Y",2570,"N",NA,12194,NA,1,12194,2,0,1,0
"758",1,4,1,6,3,2,0,19,"15AI","TOG","Impacted","Y",2570,"N",NA,12194,NA,1,12194,2,0,1,0
"759",1,4,2,1,1,1,0,19,"15AI","TOG","Impacted","Y",2570,"N",NA,12194,NA,1,12194,2,0,1,0
"760",1,4,2,2,1,2,0,19,"15AI","TOG","Impacted","Y",2570,"N",NA,12194,NA,1,12194,2,0,1,0
"761",1,4,2,3,2,1,0,19,"15AI","TOG","Impacted","Y",2570,"N",NA,12194,NA,1,12194,2,0,1,0
"762",1,4,2,4,2,2,0,19,"15AI","TOG","Impacted","Y",2570,"N",NA,12194,NA,1,12194,2,0,1,0
"763",1,4,2,5,3,1,0,19,"15AI","TOG","Impacted","Y",2570,"N",NA,12194,NA,1,12194,2,0,1,0
"764",1,4,2,6,3,2,0,19,"15AI","TOG","Impacted","Y",2570,"N",NA,12194,NA,1,12194,2,0,1,0
"765",1,5,1,1,1,1,0,4,"16BC","TOG","Created","Y",2644,"N",2010,3641,163,3,671,1,1,0,0
"766",1,5,1,2,1,2,0,4,"16BC","TOG","Created","Y",2644,"N",2010,3641,163,3,671,1,1,0,0
"767",1,5,1,3,2,1,0,3,"16BC","TOG","Created","Y",2644,"N",2010,3641,163,3,671,1,1,0,0
"768",1,5,1,4,2,2,0,3,"16BC","TOG","Created","Y",2644,"N",2010,3641,163,3,671,1,1,0,0
"769",1,5,1,5,3,1,0,3,"16BC","TOG","Created","Y",2644,"N",2010,3641,163,3,671,1,1,0,0
"770",1,5,1,6,3,2,0,3,"16BC","TOG","Created","Y",2644,"N",2010,3641,163,3,671,1,1,0,0
"771",1,5,2,1,1,1,0,3,"16BC","TOG","Created","Y",2644,"N",2010,3641,163,3,671,1,1,0,0
"772",1,5,2,2,1,2,0,3,"16BC","TOG","Created","Y",2644,"N",2010,3641,163,3,671,1,1,0,0
"773",1,5,2,3,2,1,0,2,"16BC","TOG","Created","Y",2644,"N",2010,3641,163,3,671,1,1,0,0
"774",1,5,2,4,2,2,0,2,"16BC","TOG","Created","Y",2644,"N",2010,3641,163,3,671,1,1,0,0
"775",1,5,2,5,3,1,0,2,"16BC","TOG","Created","Y",2644,"N",2010,3641,163,3,671,1,1,0,0
"776",1,5,2,6,3,2,0,2,"16BC","TOG","Created","Y",2644,"N",2010,3641,163,3,671,1,1,0,0
"777",1,6,1,1,1,1,0,7,"16CR","TOG","Reference","Y",2640,"N",NA,1875,NA,1,1875,3,0,0,1
"778",1,6,1,2,1,2,0,7,"16CR","TOG","Reference","Y",2640,"N",NA,1875,NA,1,1875,3,0,0,1
"779",1,6,1,3,2,1,5,7,"16CR","TOG","Reference","Y",2640,"N",NA,1875,NA,1,1875,3,0,0,1
"780",1,6,1,4,2,2,3,7,"16CR","TOG","Reference","Y",2640,"N",NA,1875,NA,1,1875,3,0,0,1
"781",1,6,2,1,1,1,0,7,"16CR","TOG","Reference","Y",2640,"N",NA,1875,NA,1,1875,3,0,0,1
"782",1,6,2,2,1,2,0,7,"16CR","TOG","Reference","Y",2640,"N",NA,1875,NA,1,1875,3,0,0,1
"783",1,6,2,3,2,1,1,7,"16CR","TOG","Reference","Y",2640,"N",NA,1875,NA,1,1875,3,0,0,1
"784",1,6,2,4,2,2,2,7,"16CR","TOG","Reference","Y",2640,"N",NA,1875,NA,1,1875,3,0,0,1
"785",1,6,2,5,3,1,0,7,"16CR","TOG","Reference","Y",2640,"N",NA,1875,NA,1,1875,3,0,0,1
"786",1,6,2,6,3,2,0,7,"16CR","TOG","Reference","Y",2640,"N",NA,1875,NA,1,1875,3,0,0,1
"787",1,7,1,1,1,1,0,10,"17AI","TOG","Impacted","Y",2639,"N",NA,4760,NA,1,4760,2,0,1,0
"788",1,7,1,2,1,2,0,10,"17AI","TOG","Impacted","Y",2639,"N",NA,4760,NA,1,4760,2,0,1,0
"789",1,7,1,3,2,1,0,10,"17AI","TOG","Impacted","Y",2639,"N",NA,4760,NA,1,4760,2,0,1,0
"790",1,7,1,4,2,2,0,10,"17AI","TOG","Impacted","Y",2639,"N",NA,4760,NA,1,4760,2,0,1,0
"791",1,7,1,5,3,1,0,10,"17AI","TOG","Impacted","Y",2639,"N",NA,4760,NA,1,4760,2,0,1,0
"792",1,7,1,6,3,2,0,10,"17AI","TOG","Impacted","Y",2639,"N",NA,4760,NA,1,4760,2,0,1,0
"793",1,7,2,1,1,1,0,10,"17AI","TOG","Impacted","Y",2639,"N",NA,4760,NA,1,4760,2,0,1,0
"794",1,7,2,2,1,2,0,10,"17AI","TOG","Impacted","Y",2639,"N",NA,4760,NA,1,4760,2,0,1,0
"795",1,7,2,3,2,1,0,10,"17AI","TOG","Impacted","Y",2639,"N",NA,4760,NA,1,4760,2,0,1,0
"796",1,7,2,4,2,2,0,10,"17AI","TOG","Impacted","Y",2639,"N",NA,4760,NA,1,4760,2,0,1,0
"797",1,7,2,5,3,1,0,10,"17AI","TOG","Impacted","Y",2639,"N",NA,4760,NA,1,4760,2,0,1,0
"798",1,7,2,6,3,2,0,10,"17AI","TOG","Impacted","Y",2639,"N",NA,4760,NA,1,4760,2,0,1,0
"799",1,8,1,1,1,1,2,6,"17BI","TOG","Impacted","Y",2632,"N",NA,2724,NA,1,2724,2,0,1,0
"800",1,8,1,2,1,2,2,6,"17BI","TOG","Impacted","Y",2632,"N",NA,2724,NA,1,2724,2,0,1,0
"801",1,8,1,3,2,1,1,6,"17BI","TOG","Impacted","Y",2632,"N",NA,2724,NA,1,2724,2,0,1,0
"802",1,8,1,4,2,2,0,6,"17BI","TOG","Impacted","Y",2632,"N",NA,2724,NA,1,2724,2,0,1,0
"803",1,8,1,5,3,1,0,6,"17BI","TOG","Impacted","Y",2632,"N",NA,2724,NA,1,2724,2,0,1,0
"804",1,8,1,6,3,2,0,6,"17BI","TOG","Impacted","Y",2632,"N",NA,2724,NA,1,2724,2,0,1,0
"805",1,8,2,1,1,1,2,6,"17BI","TOG","Impacted","Y",2632,"N",NA,2724,NA,1,2724,2,0,1,0
"806",1,8,2,2,1,2,1,6,"17BI","TOG","Impacted","Y",2632,"N",NA,2724,NA,1,2724,2,0,1,0
"807",1,8,2,3,2,1,2,6,"17BI","TOG","Impacted","Y",2632,"N",NA,2724,NA,1,2724,2,0,1,0
"808",1,8,2,4,2,2,1,6,"17BI","TOG","Impacted","Y",2632,"N",NA,2724,NA,1,2724,2,0,1,0
"809",1,8,2,5,3,1,1,6,"17BI","TOG","Impacted","Y",2632,"N",NA,2724,NA,1,2724,2,0,1,0
"810",1,8,2,6,3,2,1,6,"17BI","TOG","Impacted","Y",2632,"N",NA,2724,NA,1,2724,2,0,1,0
"811",1,9,1,1,1,1,0,3,"17DR","TOG","Reference","Y",2632,"N",NA,480,NA,1,480,3,0,0,1
"812",1,9,1,2,1,2,0,3,"17DR","TOG","Reference","Y",2632,"N",NA,480,NA,1,480,3,0,0,1
"813",1,9,1,3,2,1,0,3,"17DR","TOG","Reference","Y",2632,"N",NA,480,NA,1,480,3,0,0,1
"814",1,9,1,4,2,2,0,3,"17DR","TOG","Reference","Y",2632,"N",NA,480,NA,1,480,3,0,0,1
"815",1,9,1,5,3,1,0,3,"17DR","TOG","Reference","Y",2632,"N",NA,480,NA,1,480,3,0,0,1
"816",1,9,1,6,3,2,0,3,"17DR","TOG","Reference","Y",2632,"N",NA,480,NA,1,480,3,0,0,1
"817",1,9,2,1,1,1,0,3,"17DR","TOG","Reference","Y",2632,"N",NA,480,NA,1,480,3,0,0,1
"818",1,9,2,2,1,2,0,3,"17DR","TOG","Reference","Y",2632,"N",NA,480,NA,1,480,3,0,0,1
"819",1,9,2,3,2,1,0,3,"17DR","TOG","Reference","Y",2632,"N",NA,480,NA,1,480,3,0,0,1
"820",1,9,2,4,2,2,0,3,"17DR","TOG","Reference","Y",2632,"N",NA,480,NA,1,480,3,0,0,1
"821",1,9,2,5,3,1,0,3,"17DR","TOG","Reference","Y",2632,"N",NA,480,NA,1,480,3,0,0,1
"822",1,9,2,6,3,2,0,3,"17DR","TOG","Reference","Y",2632,"N",NA,480,NA,1,480,3,0,0,1
"823",1,10,1,1,1,1,0,6,"17ER","TOG","Reference","Y",2632,"N",NA,1129,NA,1,1129,3,0,0,1
"824",1,10,1,2,1,2,0,6,"17ER","TOG","Reference","Y",2632,"N",NA,1129,NA,1,1129,3,0,0,1
"825",1,10,1,3,2,1,0,6,"17ER","TOG","Reference","Y",2632,"N",NA,1129,NA,1,1129,3,0,0,1
"826",1,10,1,4,2,2,0,6,"17ER","TOG","Reference","Y",2632,"N",NA,1129,NA,1,1129,3,0,0,1
"827",1,10,1,5,3,1,0,6,"17ER","TOG","Reference","Y",2632,"N",NA,1129,NA,1,1129,3,0,0,1
"828",1,10,1,6,3,2,0,6,"17ER","TOG","Reference","Y",2632,"N",NA,1129,NA,1,1129,3,0,0,1
"829",1,10,2,1,1,1,0,6,"17ER","TOG","Reference","Y",2632,"N",NA,1129,NA,1,1129,3,0,0,1
"830",1,10,2,2,1,2,1,6,"17ER","TOG","Reference","Y",2632,"N",NA,1129,NA,1,1129,3,0,0,1
"831",1,10,2,3,2,1,1,6,"17ER","TOG","Reference","Y",2632,"N",NA,1129,NA,1,1129,3,0,0,1
"832",1,10,2,4,2,2,0,6,"17ER","TOG","Reference","Y",2632,"N",NA,1129,NA,1,1129,3,0,0,1
"833",1,10,2,5,3,1,1,6,"17ER","TOG","Reference","Y",2632,"N",NA,1129,NA,1,1129,3,0,0,1
"834",1,10,2,6,3,2,1,6,"17ER","TOG","Reference","Y",2632,"N",NA,1129,NA,1,1129,3,0,0,1
"835",1,11,1,1,1,1,0,2,"19??","TOG","Created","N",2644,"N",2013,4229,182,3,1739,1,1,0,0
"836",1,11,1,2,1,2,0,2,"19??","TOG","Created","N",2644,"N",2013,4229,182,3,1739,1,1,0,0
"837",1,11,1,3,2,1,0,2,"19??","TOG","Created","N",2644,"N",2013,4229,182,3,1739,1,1,0,0
"838",1,11,1,4,2,2,0,2,"19??","TOG","Created","N",2644,"N",2013,4229,182,3,1739,1,1,0,0
"839",1,11,1,5,3,1,0,2,"19??","TOG","Created","N",2644,"N",2013,4229,182,3,1739,1,1,0,0
"840",1,11,1,6,3,2,0,2,"19??","TOG","Created","N",2644,"N",2013,4229,182,3,1739,1,1,0,0
"841",1,11,2,1,1,1,0,2,"19??","TOG","Created","N",2644,"N",2013,4229,182,3,1739,1,1,0,0
"842",1,11,2,2,1,2,0,2,"19??","TOG","Created","N",2644,"N",2013,4229,182,3,1739,1,1,0,0
"843",1,11,2,3,2,1,2,2,"19??","TOG","Created","N",2644,"N",2013,4229,182,3,1739,1,1,0,0
"844",1,11,2,4,2,2,1,2,"19??","TOG","Created","N",2644,"N",2013,4229,182,3,1739,1,1,0,0
"845",1,12,1,1,1,1,0,2,"19AC","TOG","Created","Y",2648,"N",2012,13223,168,6,1556,1,1,0,0
"846",1,12,1,2,1,2,0,2,"19AC","TOG","Created","Y",2648,"N",2012,13223,168,6,1556,1,1,0,0
"847",1,12,2,1,1,1,0,3,"19AC","TOG","Created","Y",2648,"N",2012,13223,168,6,1556,1,1,0,0
"848",1,12,2,2,1,2,0,3,"19AC","TOG","Created","Y",2648,"N",2012,13223,168,6,1556,1,1,0,0
"849",1,12,2,3,2,1,0,2,"19AC","TOG","Created","Y",2648,"N",2012,13223,168,6,1556,1,1,0,0
"850",1,12,2,4,2,2,0,2,"19AC","TOG","Created","Y",2648,"N",2012,13223,168,6,1556,1,1,0,0
"851",1,13,1,1,1,1,3,13,"19BI","TOG","Impacted","Y",2648,"N",NA,7816,NA,1,7816,2,0,1,0
"852",1,13,1,2,1,2,2,13,"19BI","TOG","Impacted","Y",2648,"N",NA,7816,NA,1,7816,2,0,1,0
"853",1,13,1,3,2,1,0,13,"19BI","TOG","Impacted","Y",2648,"N",NA,7816,NA,1,7816,2,0,1,0
"854",1,13,1,4,2,2,0,13,"19BI","TOG","Impacted","Y",2648,"N",NA,7816,NA,1,7816,2,0,1,0
"855",1,13,1,5,3,1,1,13,"19BI","TOG","Impacted","Y",2648,"N",NA,7816,NA,1,7816,2,0,1,0
"856",1,13,1,6,3,2,2,13,"19BI","TOG","Impacted","Y",2648,"N",NA,7816,NA,1,7816,2,0,1,0
"857",1,13,2,1,1,1,0,13,"19BI","TOG","Impacted","Y",2648,"N",NA,7816,NA,1,7816,2,0,1,0
"858",1,13,2,2,1,2,0,13,"19BI","TOG","Impacted","Y",2648,"N",NA,7816,NA,1,7816,2,0,1,0
"859",1,13,2,3,2,1,0,13,"19BI","TOG","Impacted","Y",2648,"N",NA,7816,NA,1,7816,2,0,1,0
"860",1,13,2,4,2,2,0,13,"19BI","TOG","Impacted","Y",2648,"N",NA,7816,NA,1,7816,2,0,1,0
"861",1,14,1,1,1,1,0,7,"21AR","TOG","Reference","Y",2832,"N",NA,1353,NA,1,1353,3,0,0,1
"862",1,14,1,2,1,2,0,7,"21AR","TOG","Reference","Y",2832,"N",NA,1353,NA,1,1353,3,0,0,1
"863",1,14,2,1,1,1,0,7,"21AR","TOG","Reference","Y",2832,"N",NA,1353,NA,1,1353,3,0,0,1
"864",1,14,2,2,1,2,0,7,"21AR","TOG","Reference","Y",2832,"N",NA,1353,NA,1,1353,3,0,0,1
"865",1,14,2,3,2,1,0,7,"21AR","TOG","Reference","Y",2832,"N",NA,1353,NA,1,1353,3,0,0,1
"866",1,14,2,4,2,2,0,7,"21AR","TOG","Reference","Y",2832,"N",NA,1353,NA,1,1353,3,0,0,1
"867",1,15,1,1,1,1,0,4,"21BR","TOG","Reference","Y",2819,"N",NA,521,NA,1,521,3,0,0,1
"868",1,15,1,2,1,2,0,4,"21BR","TOG","Reference","Y",2819,"N",NA,521,NA,1,521,3,0,0,1
"869",1,15,2,1,1,1,0,4,"21BR","TOG","Reference","Y",2819,"N",NA,521,NA,1,521,3,0,0,1
"870",1,15,2,2,1,2,0,4,"21BR","TOG","Reference","Y",2819,"N",NA,521,NA,1,521,3,0,0,1
"871",1,15,2,3,2,1,1,4,"21BR","TOG","Reference","Y",2819,"N",NA,521,NA,1,521,3,0,0,1
"872",1,15,2,4,2,2,0,4,"21BR","TOG","Reference","Y",2819,"N",NA,521,NA,1,521,3,0,0,1
"873",1,16,1,1,1,1,2,12,"21CR","TOG","Reference","Y",2808,"N",NA,4121,NA,1,4121,3,0,0,1
"874",1,16,1,2,1,2,5,12,"21CR","TOG","Reference","Y",2808,"N",NA,4121,NA,1,4121,3,0,0,1
"875",1,16,2,1,1,1,0,12,"21CR","TOG","Reference","Y",2808,"N",NA,4121,NA,1,4121,3,0,0,1
"876",1,16,2,2,1,2,0,12,"21CR","TOG","Reference","Y",2808,"N",NA,4121,NA,1,4121,3,0,0,1
"877",1,16,2,3,2,1,0,12,"21CR","TOG","Reference","Y",2808,"N",NA,4121,NA,1,4121,3,0,0,1
"878",1,16,2,4,2,2,0,12,"21CR","TOG","Reference","Y",2808,"N",NA,4121,NA,1,4121,3,0,0,1
"879",1,17,1,1,1,1,0,5,"24CC","TOG","Created","Y",2907,"N",2012,2022,280,16,55,1,1,0,0
"880",1,17,1,2,1,2,0,5,"24CC","TOG","Created","Y",2907,"N",2012,2022,280,16,55,1,1,0,0
"881",1,17,2,1,1,1,0,3,"24CC","TOG","Created","Y",2907,"N",2012,2022,280,16,55,1,1,0,0
"882",1,17,2,2,1,2,0,3,"24CC","TOG","Created","Y",2907,"N",2012,2022,280,16,55,1,1,0,0
"883",1,17,2,3,2,1,0,3,"24CC","TOG","Created","Y",2907,"N",2012,2022,280,16,55,1,1,0,0
"884",1,17,2,4,2,2,0,3,"24CC","TOG","Created","Y",2907,"N",2012,2022,280,16,55,1,1,0,0
"885",1,18,1,1,1,1,0,1,"25AC","TOG","Created","Y",2934,"N",2012,2152,387,1,63,1,1,0,0
"886",1,18,1,2,1,2,0,1,"25AC","TOG","Created","Y",2934,"N",2012,2152,387,1,63,1,1,0,0
"887",1,18,2,1,1,1,0,1,"25AC","TOG","Created","Y",2934,"N",2012,2152,387,1,63,1,1,0,0
"888",1,18,2,2,1,2,0,1,"25AC","TOG","Created","Y",2934,"N",2012,2152,387,1,63,1,1,0,0
"889",1,18,2,3,2,1,0,1,"25AC","TOG","Created","Y",2934,"N",2012,2152,387,1,63,1,1,0,0
"890",1,18,2,4,2,2,0,1,"25AC","TOG","Created","Y",2934,"N",2012,2152,387,1,63,1,1,0,0
"891",1,19,1,1,1,1,0,10,"25BI","TOG","Impacted","Y",2918,"Y",NA,2258,NA,1,2258,2,0,1,0
"892",1,19,1,2,1,2,0,10,"25BI","TOG","Impacted","Y",2918,"Y",NA,2258,NA,1,2258,2,0,1,0
"893",1,19,2,1,1,1,0,10,"25BI","TOG","Impacted","Y",2918,"Y",NA,2258,NA,1,2258,2,0,1,0
"894",1,19,2,2,1,2,0,10,"25BI","TOG","Impacted","Y",2918,"Y",NA,2258,NA,1,2258,2,0,1,0
"895",1,19,2,3,2,1,0,10,"25BI","TOG","Impacted","Y",2918,"Y",NA,2258,NA,1,2258,2,0,1,0
"896",1,19,2,4,2,2,0,10,"25BI","TOG","Impacted","Y",2918,"Y",NA,2258,NA,1,2258,2,0,1,0
"897",1,20,1,1,1,1,0,8,"25CR","TOG","Reference","Y",2908,"N",NA,1903,NA,1,1903,3,0,0,1
"898",1,20,1,2,1,2,0,8,"25CR","TOG","Reference","Y",2908,"N",NA,1903,NA,1,1903,3,0,0,1
"899",1,20,2,1,1,1,0,8,"25CR","TOG","Reference","Y",2908,"N",NA,1903,NA,1,1903,3,0,0,1
"900",1,20,2,2,1,2,0,8,"25CR","TOG","Reference","Y",2908,"N",NA,1903,NA,1,1903,3,0,0,1
"901",1,20,2,3,2,1,0,8,"25CR","TOG","Reference","Y",2908,"N",NA,1903,NA,1,1903,3,0,0,1
"902",1,20,2,4,2,2,0,8,"25CR","TOG","Reference","Y",2908,"N",NA,1903,NA,1,1903,3,0,0,1
"903",1,21,1,1,1,1,0,3,"26AI","TOG","Impacted","Y",2921,"Y",NA,2253,NA,1,2253,2,0,1,0
"904",1,21,1,2,1,2,0,3,"26AI","TOG","Impacted","Y",2921,"Y",NA,2253,NA,1,2253,2,0,1,0
"905",1,21,2,1,1,1,0,3,"26AI","TOG","Impacted","Y",2921,"Y",NA,2253,NA,1,2253,2,0,1,0
"906",1,21,2,2,1,2,0,3,"26AI","TOG","Impacted","Y",2921,"Y",NA,2253,NA,1,2253,2,0,1,0
"907",1,21,2,3,2,1,0,3,"26AI","TOG","Impacted","Y",2921,"Y",NA,2253,NA,1,2253,2,0,1,0
"908",1,21,2,4,2,2,0,3,"26AI","TOG","Impacted","Y",2921,"Y",NA,2253,NA,1,2253,2,0,1,0
"909",1,22,1,1,1,1,0,4,"26BC","TOG","Created","Y",2902,"N",2012,3801,265,7,360,1,1,0,0
"910",1,22,1,2,1,2,0,4,"26BC","TOG","Created","Y",2902,"N",2012,3801,265,7,360,1,1,0,0
"911",1,22,2,1,1,1,0,3,"26BC","TOG","Created","Y",2902,"N",2012,3801,265,7,360,1,1,0,0
"912",1,22,2,2,1,2,0,3,"26BC","TOG","Created","Y",2902,"N",2012,3801,265,7,360,1,1,0,0
"913",1,22,2,3,2,1,0,3,"26BC","TOG","Created","Y",2902,"N",2012,3801,265,7,360,1,1,0,0
"914",1,22,2,4,2,2,0,3,"26BC","TOG","Created","Y",2902,"N",2012,3801,265,7,360,1,1,0,0
"915",1,23,1,1,1,1,0,25,"HE","BR","Reference","Y",2099,"Y",NA,8606,NA,1,8606,3,0,0,1
"916",1,23,1,2,1,2,0,25,"HE","BR","Reference","Y",2099,"Y",NA,8606,NA,1,8606,3,0,0,1
"917",1,23,1,3,2,1,0,25,"HE","BR","Reference","Y",2099,"Y",NA,8606,NA,1,8606,3,0,0,1
"918",1,23,1,4,2,2,0,25,"HE","BR","Reference","Y",2099,"Y",NA,8606,NA,1,8606,3,0,0,1
"919",1,23,1,5,3,1,0,25,"HE","BR","Reference","Y",2099,"Y",NA,8606,NA,1,8606,3,0,0,1
"920",1,23,1,6,3,2,1,25,"HE","BR","Reference","Y",2099,"Y",NA,8606,NA,1,8606,3,0,0,1
"921",1,23,2,1,1,1,0,25,"HE","BR","Reference","Y",2099,"Y",NA,8606,NA,1,8606,3,0,0,1
"922",1,23,2,2,1,2,0,25,"HE","BR","Reference","Y",2099,"Y",NA,8606,NA,1,8606,3,0,0,1
"923",1,23,2,3,2,1,0,25,"HE","BR","Reference","Y",2099,"Y",NA,8606,NA,1,8606,3,0,0,1
"924",1,23,2,4,2,2,0,25,"HE","BR","Reference","Y",2099,"Y",NA,8606,NA,1,8606,3,0,0,1
"925",1,23,2,5,3,1,0,25,"HE","BR","Reference","Y",2099,"Y",NA,8606,NA,1,8606,3,0,0,1
"926",1,23,2,6,3,2,0,25,"HE","BR","Reference","Y",2099,"Y",NA,8606,NA,1,8606,3,0,0,1
"927",1,24,2,1,1,1,0,46,"ML","BR","Created","Y",2099,"N",2014,67999,96,11,8505,1,1,0,0
"928",1,24,2,2,1,2,0,46,"ML","BR","Created","Y",2099,"N",2014,67999,96,11,8505,1,1,0,0
"929",1,24,2,3,2,1,0,46,"ML","BR","Created","Y",2099,"N",2014,67999,96,11,8505,1,1,0,0
"930",1,24,2,4,2,2,0,46,"ML","BR","Created","Y",2099,"N",2014,67999,96,11,8505,1,1,0,0
"931",1,25,1,1,1,1,2,18,"QU","BR","Created","Y",2099,"N",2008,10728,127,1,10728,1,1,0,0
"932",1,25,1,2,1,2,2,18,"QU","BR","Created","Y",2099,"N",2008,10728,127,1,10728,1,1,0,0
"933",1,25,1,3,2,1,13,18,"QU","BR","Created","Y",2099,"N",2008,10728,127,1,10728,1,1,0,0
"934",1,25,1,4,2,2,7,18,"QU","BR","Created","Y",2099,"N",2008,10728,127,1,10728,1,1,0,0
"935",1,25,2,1,1,1,4,7,"QU","BR","Created","Y",2099,"N",2008,10728,127,1,10728,1,1,0,0
"936",1,25,2,2,1,2,1,7,"QU","BR","Created","Y",2099,"N",2008,10728,127,1,10728,1,1,0,0
"937",1,26,1,1,1,1,2,30,"RW","BR","Reference","Y",2099,"N",NA,5184,NA,1,5184,3,0,0,1
"938",1,26,1,2,1,2,1,30,"RW","BR","Reference","Y",2099,"N",NA,5184,NA,1,5184,3,0,0,1
"939",1,26,1,3,2,1,1,30,"RW","BR","Reference","Y",2099,"N",NA,5184,NA,1,5184,3,0,0,1
"940",1,26,1,4,2,2,3,30,"RW","BR","Reference","Y",2099,"N",NA,5184,NA,1,5184,3,0,0,1
"941",1,26,1,5,3,1,3,30,"RW","BR","Reference","Y",2099,"N",NA,5184,NA,1,5184,3,0,0,1
"942",1,26,1,6,3,2,2,30,"RW","BR","Reference","Y",2099,"N",NA,5184,NA,1,5184,3,0,0,1
"943",1,26,2,1,1,1,1,30,"RW","BR","Reference","Y",2099,"N",NA,5184,NA,1,5184,3,0,0,1
"944",1,26,2,2,1,2,2,30,"RW","BR","Reference","Y",2099,"N",NA,5184,NA,1,5184,3,0,0,1
"945",1,26,2,3,2,1,3,30,"RW","BR","Reference","Y",2099,"N",NA,5184,NA,1,5184,3,0,0,1
"946",1,26,2,4,2,2,0,20,"RW","BR","Reference","Y",2099,"N",NA,5184,NA,1,5184,3,0,0,1
"947",1,26,2,5,3,1,1,30,"RW","BR","Reference","Y",2099,"N",NA,5184,NA,1,5184,3,0,0,1
"948",1,26,2,6,3,2,2,30,"RW","BR","Reference","Y",2099,"N",NA,5184,NA,1,5184,3,0,0,1
"949",1,27,1,1,1,1,1,29,"SD","BR","Reference","Y",2099,"N",NA,11608,NA,1,11608,3,0,0,1
"950",1,27,1,2,1,2,1,29,"SD","BR","Reference","Y",2099,"N",NA,11608,NA,1,11608,3,0,0,1
"951",1,27,1,3,2,1,0,29,"SD","BR","Reference","Y",2099,"N",NA,11608,NA,1,11608,3,0,0,1
"952",1,27,1,4,2,2,0,29,"SD","BR","Reference","Y",2099,"N",NA,11608,NA,1,11608,3,0,0,1
"953",1,27,1,5,3,1,3,29,"SD","BR","Reference","Y",2099,"N",NA,11608,NA,1,11608,3,0,0,1
"954",1,27,1,6,3,2,6,29,"SD","BR","Reference","Y",2099,"N",NA,11608,NA,1,11608,3,0,0,1
"955",1,27,1,7,4,1,1,29,"SD","BR","Reference","Y",2099,"N",NA,11608,NA,1,11608,3,0,0,1
"956",1,27,1,8,4,2,1,29,"SD","BR","Reference","Y",2099,"N",NA,11608,NA,1,11608,3,0,0,1
"957",1,27,2,1,1,1,0,29,"SD","BR","Reference","Y",2099,"N",NA,11608,NA,1,11608,3,0,0,1
"958",1,27,2,2,1,2,1,29,"SD","BR","Reference","Y",2099,"N",NA,11608,NA,1,11608,3,0,0,1
"959",1,27,2,3,2,1,6,29,"SD","BR","Reference","Y",2099,"N",NA,11608,NA,1,11608,3,0,0,1
"960",1,27,2,4,2,2,2,29,"SD","BR","Reference","Y",2099,"N",NA,11608,NA,1,11608,3,0,0,1
"961",1,27,2,5,3,1,2,29,"SD","BR","Reference","Y",2099,"N",NA,11608,NA,1,11608,3,0,0,1
"962",1,27,2,6,3,2,1,29,"SD","BR","Reference","Y",2099,"N",NA,11608,NA,1,11608,3,0,0,1
"963",1,28,2,1,1,1,3,28,"SP","BR","Created","Y",2099,"N",2005,16618,504,1,2101,1,1,0,0
"964",1,28,2,2,1,2,0,28,"SP","BR","Created","Y",2099,"N",2005,16618,504,1,2101,1,1,0,0
"965",1,28,2,3,2,1,11,28,"SP","BR","Created","Y",2099,"N",2005,16618,504,1,2101,1,1,0,0
"966",1,28,2,4,2,2,4,28,"SP","BR","Created","Y",2099,"N",2005,16618,504,1,2101,1,1,0,0
"967",1,28,2,5,3,1,3,28,"SP","BR","Created","Y",2099,"N",2005,16618,504,1,2101,1,1,0,0
"968",1,28,2,6,3,2,1,28,"SP","BR","Created","Y",2099,"N",2005,16618,504,1,2101,1,1,0,0
